+++ Example with a small message +++

This is the message of length 29 from ShortMsgKAT.txt.

Input message (last byte aligned on MSB):
53 58 7B C8 

Input message (in bits):
0 1 0 1 0 0 1 1 0 1 0 1 1 0 0 0 0 1 1 1 1 0 1 1 1 1 0 0 1 

Input message (in bits, after the formal bit reordering):
1 1 0 0 1 0 1 0 0 0 0 1 1 0 1 0 1 1 0 1 1 1 1 0 1 0 0 1 1 

Input message (last byte aligned on LSB):
53 58 7B 19 

Initial state:
00 00 00 00 00 00 00 00 00 00 00 00 00 00 00 00 00 00 00 00 00 00 00 00 00 00 00 00 00 00 00 00 00 00 00 00 00 00 00 00 00 00 00 00 00 00 00 00 00 00 00 00 00 00 00 00 00 00 00 00 00 00 00 00 00 00 00 00 00 00 00 00 00 00 00 00 00 00 00 00 00 00 00 00 00 00 00 00 00 00 00 00 00 00 00 00 00 00 00 00 00 00 00 00 00 00 00 00 00 00 00 00 00 00 00 00 00 00 00 00 00 00 00 00 00 00 00 00 00 00 00 00 00 00 00 00 00 00 00 00 00 00 00 00 00 00 00 00 00 00 00 00 00 00 00 00 00 00 00 00 00 00 00 00 00 00 00 00 00 00 00 00 00 00 00 00 00 00 00 00 00 00 00 00 00 00 00 00 00 00 00 00 00 00 00 00 00 00 00 00 

Data to be absorbed:
53 58 7B 39 1C 90 01 

Input of permutation:
53 58 7B 39 1C 90 01 00 00 00 00 00 00 00 00 00 00 00 00 00 00 00 00 00 00 00 00 00 00 00 00 00 00 00 00 00 00 00 00 00 00 00 00 00 00 00 00 00 00 00 00 00 00 00 00 00 00 00 00 00 00 00 00 00 00 00 00 00 00 00 00 00 00 00 00 00 00 00 00 00 00 00 00 00 00 00 00 00 00 00 00 00 00 00 00 00 00 00 00 00 00 00 00 00 00 00 00 00 00 00 00 00 00 00 00 00 00 00 00 00 00 00 00 00 00 00 00 00 00 00 00 00 00 00 00 00 00 00 00 00 00 00 00 00 00 00 00 00 00 00 00 00 00 00 00 00 00 00 00 00 00 00 00 00 00 00 00 00 00 00 00 00 00 00 00 00 00 00 00 00 00 00 00 00 00 00 00 00 00 00 00 00 00 00 00 00 00 00 00 00 

State after permutation:
7B 2A 99 06 F5 2C 2B 73 21 B4 FD 41 53 C0 4C 87 71 B8 16 86 19 89 F7 37 BD 3C 30 E7 79 3C 79 D3 9E E3 91 F4 1F DB 12 19 BC F2 A0 81 80 7A F3 CB 01 F3 69 7F 65 AA 46 19 C6 F5 C7 41 7C 4B FD B6 02 96 C2 65 41 8F 81 E5 3B 6A EF 13 65 A4 70 80 A0 A5 B4 D6 7E 8E AA 61 37 17 E1 47 6F AC 0E DD E0 CC A9 7D 50 8B 85 89 70 D7 4B F5 C3 19 96 56 D2 6D 95 DD 33 11 31 FB 02 6F 58 93 9E 5A 86 41 EC 49 7D 81 6F 90 84 7E A7 8D 20 A5 6B 33 F4 D3 5B 1E 48 3D B0 20 78 CB 96 30 1F 7F 37 D0 08 03 76 58 37 37 61 F8 12 12 F4 AD 1E 59 D5 11 E8 FD 9D 7F 62 39 9F 67 79 92 61 B4 5F D2 2F 2F D6 7A 7B 73 90 72 1A 68 50 E5 

+++ Example with a larger message +++

This is the message of length 2008 from ShortMsgKAT.txt.

Input message (last byte aligned on MSB):
83 AF 34 27 9C CB 54 30 FE BE C0 7A 81 95 0D 30 F4 B6 6F 48 48 26 AF EE 74 56 F0 07 1A 51 E1 BB C5 55 70 B5 CC 7E C6 F9 30 9C 17 BF 5B EF DD 7C 6B A6 E9 68 CF 21 8A 2B 34 BD 5C F9 27 AB 84 6E 38 A4 0B BD 81 75 9E 9E 33 38 10 16 A7 55 F6 99 DF 35 D6 60 00 7B 5E AD F2 92 FE EF B7 35 20 7E BF 70 B5 BD 17 83 4F 7B FA 0E 16 CB 21 9A D4 AF 52 4A B1 EA 37 33 4A A6 64 35 E5 D3 97 FC 0A 06 5C 41 1E BB CE 32 C2 40 B9 04 76 D3 07 CE 80 2E C8 2C 1C 49 BC 1B EC 48 C0 67 5E C2 A6 C6 F3 ED 3E 5B 74 1D 13 43 70 95 70 7C 56 5E 10 D8 A2 0B 8C 20 46 8F F9 51 4F CF 31 B4 24 9C D8 2D CE E5 8C 0A 2A F5 38 B2 91 A8 7E 33 90 D7 37 19 1A 07 48 4A 5D 3F 3F B8 C8 F1 5C E0 56 E5 E5 F8 FE BE 5E 1F B5 9D 67 40 98 0A A0 6C A8 A0 C2 0F 57 12 B4 CD E5 D0 32 E9 2A B8 9F 0A E1 

Input message (in bits):
1 0 0 0 0 0 1 1 1 0 1 0 1 1 1 1 0 0 1 1 0 1 0 0 0 0 1 0 0 1 1 1 1 0 0 1 1 1 0 0 1 1 0 0 1 0 1 1 0 1 0 1 0 1 0 0 0 0 1 1 0 0 0 0 1 1 1 1 1 1 1 0 1 0 1 1 1 1 1 0 1 1 0 0 0 0 0 0 0 1 1 1 1 0 1 0 1 0 0 0 0 0 0 1 1 0 0 1 0 1 0 1 0 0 0 0 1 1 0 1 0 0 1 1 0 0 0 0 1 1 1 1 0 1 0 0 1 0 1 1 0 1 1 0 0 1 1 0 1 1 1 1 0 1 0 0 1 0 0 0 0 1 0 0 1 0 0 0 0 0 1 0 0 1 1 0 1 0 1 0 1 1 1 1 1 1 1 0 1 1 1 0 0 1 1 1 0 1 0 0 0 1 0 1 0 1 1 0 1 1 1 1 0 0 0 0 0 0 0 0 0 1 1 1 0 0 0 1 1 0 1 0 0 1 0 1 0 0 0 1 1 1 1 0 0 0 0 1 1 0 1 1 1 0 1 1 1 1 0 0 0 1 0 1 0 1 0 1 0 1 0 1 0 1 1 1 0 0 0 0 1 0 1 1 0 1 0 1 1 1 0 0 1 1 0 0 0 1 1 1 1 1 1 0 1 1 0 0 0 1 1 0 1 1 1 1 1 0 0 1 0 0 1 1 0 0 0 0 1 0 0 1 1 1 0 0 0 0 0 1 0 1 1 1 1 0 1 1 1 1 1 1 0 1 0 1 1 0 1 1 1 1 1 0 1 1 1 1 1 1 0 1 1 1 0 1 0 1 1 1 1 1 0 0 0 1 1 0 1 0 1 1 1 0 1 0 0 1 1 0 1 1 1 0 1 0 0 1 0 1 1 0 1 0 0 0 1 1 0 0 1 1 1 1 0 0 1 0 0 0 0 1 1 0 0 0 1 0 1 0 0 0 1 0 1 0 1 1 0 0 1 1 0 1 0 0 1 0 1 1 1 1 0 1 0 1 0 1 1 1 0 0 1 1 1 1 1 0 0 1 0 0 1 0 0 1 1 1 1 0 1 0 1 0 1 1 1 0 0 0 0 1 0 0 0 1 1 0 1 1 1 0 0 0 1 1 1 0 0 0 1 0 1 0 0 1 0 0 0 0 0 0 1 0 1 1 1 0 1 1 1 1 0 1 1 0 0 0 0 0 0 1 0 1 1 1 0 1 0 1 1 0 0 1 1 1 1 0 1 0 0 1 1 1 1 0 0 0 1 1 0 0 1 1 0 0 1 1 1 0 0 0 0 0 0 1 0 0 0 0 0 0 0 1 0 1 1 0 1 0 1 0 0 1 1 1 0 1 0 1 0 1 0 1 1 1 1 1 0 1 1 0 1 0 0 1 1 0 0 1 1 1 0 1 1 1 1 1 0 0 1 1 0 1 0 1 1 1 0 1 0 1 1 0 0 1 1 0 0 0 0 0 0 0 0 0 0 0 0 0 0 1 1 1 1 0 1 1 0 1 0 1 1 1 1 0 1 0 1 0 1 1 0 1 1 1 1 1 0 0 1 0 1 0 0 1 0 0 1 0 1 1 1 1 1 1 1 0 1 1 1 0 1 1 1 1 1 0 1 1 0 1 1 1 0 0 1 1 0 1 0 1 0 0 1 0 0 0 0 0 0 1 1 1 1 1 1 0 1 0 1 1 1 1 1 1 0 1 1 1 0 0 0 0 1 0 1 1 0 1 0 1 1 0 1 1 1 1 0 1 0 0 0 1 0 1 1 1 1 0 0 0 0 0 1 1 0 1 0 0 1 1 1 1 0 1 1 1 1 0 1 1 1 1 1 1 1 0 1 0 0 0 0 0 1 1 1 0 0 0 0 1 0 1 1 0 1 1 0 0 1 0 1 1 0 0 1 0 0 0 0 1 1 0 0 1 1 0 1 0 1 1 0 1 0 1 0 0 1 0 1 0 1 1 1 1 0 1 0 1 0 0 1 0 0 1 0 0 1 0 1 0 1 0 1 1 0 0 0 1 1 1 1 0 1 0 1 0 0 0 1 1 0 1 1 1 0 0 1 1 0 0 1 1 0 1 0 0 1 0 1 0 1 0 1 0 0 1 1 0 0 1 1 0 0 1 0 0 0 0 1 1 0 1 0 1 1 1 1 0 0 1 0 1 1 1 0 1 0 0 1 1 1 0 0 1 0 1 1 1 1 1 1 1 1 1 0 0 0 0 0 0 1 0 1 0 0 0 0 0 0 1 1 0 0 1 0 1 1 1 0 0 0 1 0 0 0 0 0 1 0 0 0 1 1 1 1 0 1 0 1 1 1 0 1 1 1 1 0 0 1 1 1 0 0 0 1 1 0 0 1 0 1 1 0 0 0 0 1 0 0 1 0 0 0 0 0 0 1 0 1 1 1 0 0 1 0 0 0 0 0 1 0 0 0 1 1 1 0 1 1 0 1 1 0 1 0 0 1 1 0 0 0 0 0 1 1 1 1 1 0 0 1 1 1 0 1 0 0 0 0 0 0 0 0 0 1 0 1 1 1 0 1 1 0 0 1 0 0 0 0 0 1 0 1 1 0 0 0 0 0 1 1 1 0 0 0 1 0 0 1 0 0 1 1 0 1 1 1 1 0 0 0 0 0 1 1 0 1 1 1 1 1 0 1 1 0 0 0 1 0 0 1 0 0 0 1 1 0 0 0 0 0 0 0 1 1 0 0 1 1 1 0 1 0 1 1 1 1 0 1 1 0 0 0 0 1 0 1 0 1 0 0 1 1 0 1 1 0 0 0 1 1 0 1 1 1 1 0 0 1 1 1 1 1 0 1 1 0 1 0 0 1 1 1 1 1 0 0 1 0 1 1 0 1 1 0 1 1 1 0 1 0 0 0 0 0 1 1 1 0 1 0 0 0 1 0 0 1 1 0 1 0 0 0 0 1 1 0 1 1 1 0 0 0 0 1 0 0 1 0 1 0 1 0 1 1 1 0 0 0 0 0 1 1 1 1 1 0 0 0 1 0 1 0 1 1 0 0 1 0 1 1 1 1 0 0 0 0 1 0 0 0 0 1 1 0 1 1 0 0 0 1 0 1 0 0 0 1 0 0 0 0 0 1 0 1 1 1 0 0 0 1 1 0 0 0 0 1 0 0 0 0 0 0 1 0 0 0 1 1 0 1 0 0 0 1 1 1 1 1 1 1 1 1 0 0 1 0 1 0 1 0 0 0 1 0 1 0 0 1 1 1 1 1 1 0 0 1 1 1 1 0 0 1 1 0 0 0 1 1 0 1 1 0 1 0 0 0 0 1 0 0 1 0 0 1 0 0 1 1 1 0 0 1 1 0 1 1 0 0 0 0 0 1 0 1 1 0 1 1 1 0 0 1 1 1 0 1 1 1 0 0 1 0 1 1 0 0 0 1 1 0 0 0 0 0 0 1 0 1 0 0 0 1 0 1 0 1 0 1 1 1 1 0 1 0 1 0 0 1 1 1 0 0 0 1 0 1 1 0 0 1 0 1 0 0 1 0 0 0 1 1 0 1 0 1 0 0 0 0 1 1 1 1 1 1 0 0 0 1 1 0 0 1 1 1 0 0 1 0 0 0 0 1 1 0 1 0 1 1 1 0 0 1 1 0 1 1 1 0 0 0 1 1 0 0 1 0 0 0 1 1 0 1 0 0 0 0 0 0 1 1 1 0 1 0 0 1 0 0 0 0 1 0 0 1 0 1 0 0 1 0 1 1 1 0 1 0 0 1 1 1 1 1 1 0 0 1 1 1 1 1 1 1 0 1 1 1 0 0 0 1 1 0 0 1 0 0 0 1 1 1 1 0 0 0 1 0 1 0 1 1 1 0 0 1 1 1 0 0 0 0 0 0 1 0 1 0 1 1 0 1 1 1 0 0 1 0 1 1 1 1 0 0 1 0 1 1 1 1 1 1 0 0 0 1 1 1 1 1 1 1 0 1 0 1 1 1 1 1 0 0 1 0 1 1 1 1 0 0 0 0 1 1 1 1 1 1 0 1 1 0 1 0 1 1 0 0 1 1 1 0 1 0 1 1 0 0 1 1 1 0 1 0 0 0 0 0 0 1 0 0 1 1 0 0 0 0 0 0 0 1 0 1 0 1 0 1 0 0 0 0 0 0 1 1 0 1 1 0 0 1 0 1 0 1 0 0 0 1 0 1 0 0 0 0 0 1 1 0 0 0 0 1 0 0 0 0 0 1 1 1 1 0 1 0 1 0 1 1 1 0 0 0 1 0 0 1 0 1 0 1 1 0 1 0 0 1 1 0 0 1 1 0 1 1 1 1 0 0 1 0 1 1 1 0 1 0 0 0 0 0 0 1 1 0 0 1 0 1 1 1 0 1 0 0 1 0 0 1 0 1 0 1 0 1 0 1 1 1 0 0 0 1 0 0 1 1 1 1 1 0 0 0 0 1 0 1 0 1 1 1 0 0 0 0 1 

Input message (in bits, after the formal bit reordering):
1 1 0 0 0 0 0 1 1 1 1 1 0 1 0 1 0 0 1 0 1 1 0 0 1 1 1 0 0 1 0 0 0 0 1 1 1 0 0 1 1 1 0 1 0 0 1 1 0 0 1 0 1 0 1 0 0 0 0 0 1 1 0 0 0 1 1 1 1 1 1 1 0 1 1 1 1 1 0 1 0 0 0 0 0 0 1 1 0 1 0 1 1 1 1 0 1 0 0 0 0 0 0 1 1 0 1 0 1 0 0 1 1 0 1 1 0 0 0 0 0 0 0 0 1 1 0 0 0 0 1 0 1 1 1 1 0 1 1 0 1 1 0 1 1 1 1 1 0 1 1 0 0 0 0 1 0 0 1 0 0 0 0 1 0 0 1 0 0 1 1 0 0 1 0 0 1 1 1 1 0 1 0 1 0 1 1 1 0 1 1 1 0 0 1 0 1 1 1 0 0 1 1 0 1 0 1 0 0 0 0 0 1 1 1 1 1 1 1 0 0 0 0 0 0 1 0 1 1 0 0 0 1 0 0 0 1 0 1 0 1 0 0 0 0 1 1 1 1 1 0 1 1 1 0 1 1 0 1 0 0 0 1 1 1 0 1 0 1 0 1 0 0 0 0 0 1 1 1 0 1 0 1 0 1 1 0 1 0 0 1 1 0 0 1 1 0 1 1 1 1 1 1 0 0 1 1 0 0 0 1 1 1 0 0 1 1 1 1 1 0 0 0 0 1 1 0 0 0 0 1 1 1 0 0 1 1 1 1 0 1 0 0 0 1 1 1 1 1 1 0 1 1 1 0 1 1 0 1 0 1 1 1 1 0 1 1 1 1 0 1 1 1 0 1 1 0 0 1 1 1 1 1 0 1 1 0 1 0 1 1 0 0 1 1 0 0 1 0 1 1 0 0 1 0 1 1 1 0 0 0 1 0 1 1 0 1 1 1 1 0 0 1 1 1 0 0 0 0 1 0 0 0 1 0 1 0 0 0 1 1 1 0 1 0 1 0 0 0 0 1 0 1 1 0 0 1 0 1 1 1 1 0 1 0 0 1 1 1 0 1 0 1 0 0 1 1 1 1 1 1 1 1 0 0 1 0 0 1 1 0 1 0 1 0 1 0 0 1 0 0 0 0 1 0 1 1 1 0 1 1 0 0 0 0 1 1 1 0 0 0 0 1 0 0 1 0 1 1 1 0 1 0 0 0 0 1 0 1 1 1 1 0 1 1 0 0 0 0 0 0 1 1 0 1 0 1 1 1 0 0 1 1 1 1 0 0 1 0 1 1 1 1 0 0 1 1 1 0 0 1 1 0 0 0 0 0 1 1 1 0 0 0 0 0 0 1 0 0 0 0 1 1 0 1 0 0 0 1 1 1 0 0 1 0 1 1 0 1 0 1 0 1 0 0 1 1 0 1 1 1 1 1 0 0 1 1 0 0 1 1 1 1 1 1 0 1 1 1 0 1 0 1 1 0 0 0 1 1 0 1 0 1 1 0 0 0 0 0 1 1 0 0 0 0 0 0 0 0 0 1 1 0 1 1 1 1 0 0 1 1 1 1 0 1 0 1 0 1 1 0 1 0 1 0 1 0 0 1 1 1 1 0 1 0 0 1 0 0 1 0 1 1 1 1 1 1 1 1 1 1 1 0 1 1 1 1 1 1 0 1 1 0 1 1 0 1 0 1 1 0 0 0 0 0 0 0 1 0 0 0 1 1 1 1 1 1 0 1 1 1 1 1 1 0 1 0 0 0 0 1 1 1 0 1 0 1 0 1 1 0 1 1 0 1 1 1 1 0 1 1 1 1 0 1 0 0 0 1 1 0 0 0 0 0 1 1 1 1 1 0 0 1 0 1 1 0 1 1 1 1 0 0 1 0 1 1 1 1 1 0 1 1 1 0 0 0 0 0 1 1 0 1 0 0 0 1 1 0 1 0 0 1 1 1 0 0 0 0 1 0 0 0 1 0 1 1 0 0 1 0 0 1 0 1 0 1 1 1 1 1 1 0 1 0 1 0 1 0 0 1 0 1 0 0 1 0 1 0 0 1 0 1 0 0 0 1 1 0 1 0 1 0 1 0 1 1 1 1 1 1 0 1 1 0 0 1 1 0 0 1 1 0 0 0 1 0 1 0 0 1 0 0 1 1 0 0 1 0 1 0 0 1 0 0 1 1 0 1 0 1 0 1 1 0 0 1 0 1 0 0 1 1 1 1 1 0 0 1 0 1 1 1 1 1 0 1 0 0 1 0 0 1 1 1 1 1 1 0 1 0 1 0 0 0 0 0 1 1 0 0 0 0 0 0 0 1 1 1 0 1 0 1 0 0 0 0 0 1 0 0 1 1 1 1 0 0 0 1 1 0 1 1 1 0 1 0 1 1 1 0 0 1 1 0 1 0 0 1 1 0 0 0 1 0 0 0 0 1 1 0 0 0 0 0 0 1 0 1 0 0 1 1 1 0 1 0 0 1 0 0 0 0 0 0 1 1 0 1 1 1 0 1 1 0 0 1 0 1 1 1 1 1 0 0 0 0 0 0 1 1 1 0 0 1 1 0 0 0 0 0 0 0 1 0 1 1 1 0 1 0 0 0 0 0 1 0 0 1 1 0 0 1 1 0 1 0 0 0 0 1 1 1 0 0 0 1 0 0 1 0 0 1 0 0 0 1 1 1 1 0 1 1 1 0 1 1 0 0 0 0 0 1 1 0 1 1 1 0 0 0 1 0 0 1 0 0 0 0 0 0 0 1 1 1 1 1 0 0 1 1 0 0 1 1 1 1 0 1 0 0 1 0 0 0 0 1 1 0 1 1 0 0 1 0 1 0 1 1 0 0 0 1 1 1 1 0 0 1 1 1 1 1 0 1 1 0 1 1 1 0 1 1 1 1 1 0 0 1 1 0 1 1 0 1 0 0 0 1 0 1 1 1 0 1 0 1 1 1 0 0 0 1 1 0 0 1 0 0 0 1 1 0 0 0 0 1 0 0 0 0 0 1 1 1 0 1 0 1 0 1 0 0 1 0 0 0 0 1 1 1 0 0 0 1 1 1 1 1 0 0 1 1 0 1 0 1 0 0 1 1 1 1 0 1 0 0 0 0 0 1 0 0 0 0 0 0 1 1 0 1 1 0 1 0 0 0 1 0 1 1 1 0 1 0 0 0 0 0 0 1 1 0 0 0 1 0 0 0 0 0 1 0 0 0 1 1 0 0 0 1 0 1 1 1 1 0 0 0 1 1 0 0 1 1 1 1 1 1 0 0 0 1 0 1 0 1 1 1 1 0 0 1 0 1 1 1 1 0 0 1 1 1 0 0 0 1 1 0 0 0 0 1 0 1 1 0 1 0 0 1 0 0 1 0 0 0 0 1 1 1 0 0 1 0 0 0 1 1 0 1 1 1 0 1 1 0 1 0 0 0 1 1 1 0 0 1 1 1 0 1 0 0 1 1 1 0 0 1 1 0 0 0 1 0 1 0 1 0 0 0 0 0 1 0 1 0 1 0 0 1 0 1 0 1 1 1 1 0 0 0 1 1 1 0 0 0 1 0 0 1 1 0 1 1 0 0 0 1 0 0 1 0 0 0 1 0 1 0 1 0 1 1 1 1 1 1 0 1 1 0 0 1 1 0 0 0 0 0 0 1 0 0 1 1 1 1 0 1 0 1 1 1 1 1 0 1 1 0 0 1 0 0 1 1 0 0 0 0 1 0 1 1 0 0 0 1 1 1 0 0 0 0 0 0 0 0 1 0 0 1 0 0 1 0 1 0 0 1 0 1 0 1 1 1 0 1 0 1 1 1 1 1 1 0 0 1 1 1 1 1 1 0 0 0 0 0 1 1 1 0 1 0 0 0 1 0 0 1 1 1 0 0 0 1 1 1 1 0 0 1 1 1 0 1 0 0 0 0 0 0 1 1 1 0 1 1 0 1 0 1 0 1 0 1 0 0 1 1 1 1 0 1 0 0 1 1 1 0 0 0 1 1 1 1 1 0 1 1 1 1 1 1 1 0 1 1 1 1 1 0 1 0 1 1 1 1 0 1 0 1 1 1 1 1 0 0 0 1 0 1 0 1 1 0 1 1 0 1 1 1 0 0 1 1 1 1 0 0 1 1 0 0 0 0 0 0 0 1 0 0 0 0 1 1 0 0 1 0 1 0 1 0 0 0 0 0 0 0 0 0 1 0 1 0 0 1 1 0 1 1 0 0 0 0 1 0 1 0 1 0 0 0 0 0 1 0 1 0 1 0 0 0 0 1 1 1 1 1 1 0 0 0 0 1 1 1 0 1 0 1 0 0 1 0 0 1 0 0 0 0 0 1 0 1 1 0 1 1 0 1 1 0 0 1 1 1 0 1 0 0 1 1 1 0 0 0 0 1 0 1 1 0 1 0 0 1 1 0 0 1 0 0 1 0 1 1 1 0 1 0 1 0 1 0 0 0 0 0 1 1 1 0 1 1 1 1 1 1 0 0 1 0 1 0 1 0 0 0 0 1 0 0 0 0 1 1 1 

Input message (last byte aligned on LSB):
83 AF 34 27 9C CB 54 30 FE BE C0 7A 81 95 0D 30 F4 B6 6F 48 48 26 AF EE 74 56 F0 07 1A 51 E1 BB C5 55 70 B5 CC 7E C6 F9 30 9C 17 BF 5B EF DD 7C 6B A6 E9 68 CF 21 8A 2B 34 BD 5C F9 27 AB 84 6E 38 A4 0B BD 81 75 9E 9E 33 38 10 16 A7 55 F6 99 DF 35 D6 60 00 7B 5E AD F2 92 FE EF B7 35 20 7E BF 70 B5 BD 17 83 4F 7B FA 0E 16 CB 21 9A D4 AF 52 4A B1 EA 37 33 4A A6 64 35 E5 D3 97 FC 0A 06 5C 41 1E BB CE 32 C2 40 B9 04 76 D3 07 CE 80 2E C8 2C 1C 49 BC 1B EC 48 C0 67 5E C2 A6 C6 F3 ED 3E 5B 74 1D 13 43 70 95 70 7C 56 5E 10 D8 A2 0B 8C 20 46 8F F9 51 4F CF 31 B4 24 9C D8 2D CE E5 8C 0A 2A F5 38 B2 91 A8 7E 33 90 D7 37 19 1A 07 48 4A 5D 3F 3F B8 C8 F1 5C E0 56 E5 E5 F8 FE BE 5E 1F B5 9D 67 40 98 0A A0 6C A8 A0 C2 0F 57 12 B4 CD E5 D0 32 E9 2A B8 9F 0A E1 

Initial state:
00 00 00 00 00 00 00 00 00 00 00 00 00 00 00 00 00 00 00 00 00 00 00 00 00 00 00 00 00 00 00 00 00 00 00 00 00 00 00 00 00 00 00 00 00 00 00 00 00 00 00 00 00 00 00 00 00 00 00 00 00 00 00 00 00 00 00 00 00 00 00 00 00 00 00 00 00 00 00 00 00 00 00 00 00 00 00 00 00 00 00 00 00 00 00 00 00 00 00 00 00 00 00 00 00 00 00 00 00 00 00 00 00 00 00 00 00 00 00 00 00 00 00 00 00 00 00 00 00 00 00 00 00 00 00 00 00 00 00 00 00 00 00 00 00 00 00 00 00 00 00 00 00 00 00 00 00 00 00 00 00 00 00 00 00 00 00 00 00 00 00 00 00 00 00 00 00 00 00 00 00 00 00 00 00 00 00 00 00 00 00 00 00 00 00 00 00 00 00 00 

Data to be absorbed:
83 AF 34 27 9C CB 54 30 FE BE C0 7A 81 95 0D 30 F4 B6 6F 48 48 26 AF EE 74 56 F0 07 1A 51 E1 BB C5 55 70 B5 CC 7E C6 F9 30 9C 17 BF 5B EF DD 7C 6B A6 E9 68 CF 21 8A 2B 34 BD 5C F9 27 AB 84 6E 38 A4 0B BD 81 75 9E 9E 33 38 10 16 A7 55 F6 99 DF 35 D6 60 00 7B 5E AD F2 92 FE EF B7 35 20 7E BF 70 B5 BD 17 83 4F 7B FA 0E 16 CB 21 9A D4 AF 52 4A B1 EA 37 33 4A A6 64 35 E5 D3 97 FC 0A 06 5C 41 1E BB CE 32 C2 40 B9 04 76 D3 07 CE 80 2E 

Input of permutation:
83 AF 34 27 9C CB 54 30 FE BE C0 7A 81 95 0D 30 F4 B6 6F 48 48 26 AF EE 74 56 F0 07 1A 51 E1 BB C5 55 70 B5 CC 7E C6 F9 30 9C 17 BF 5B EF DD 7C 6B A6 E9 68 CF 21 8A 2B 34 BD 5C F9 27 AB 84 6E 38 A4 0B BD 81 75 9E 9E 33 38 10 16 A7 55 F6 99 DF 35 D6 60 00 7B 5E AD F2 92 FE EF B7 35 20 7E BF 70 B5 BD 17 83 4F 7B FA 0E 16 CB 21 9A D4 AF 52 4A B1 EA 37 33 4A A6 64 35 E5 D3 97 FC 0A 06 5C 41 1E BB CE 32 C2 40 B9 04 76 D3 07 CE 80 2E 00 00 00 00 00 00 00 00 00 00 00 00 00 00 00 00 00 00 00 00 00 00 00 00 00 00 00 00 00 00 00 00 00 00 00 00 00 00 00 00 00 00 00 00 00 00 00 00 00 00 00 00 00 00 00 00 

State after permutation:
6C 3A 43 D9 E4 6D DD B9 CE A3 84 41 32 26 40 79 DF 65 44 AF 96 88 06 C2 D3 35 A9 78 59 84 E6 C7 02 62 46 00 96 5D FA 59 B2 4A EA 68 55 10 27 30 A7 E0 BB 61 B7 7D 11 CC 34 94 A4 0A 1F B5 75 CA FC F8 8A 73 4D C2 A4 7F 73 7E 45 23 2C 63 51 2B 72 33 30 FF 5E 4E 75 0C 19 75 5D 40 DA 9C DB F4 4D C4 D5 0E 77 BB 94 96 27 E2 2F F9 1F 68 71 96 27 B2 AD 9E 4F 35 60 87 D7 49 44 27 30 FB 49 A5 1E F3 F6 1A 2E 70 7F F0 DE 7A BE E7 A3 F4 10 2B 59 5E 35 CD D0 05 48 70 8E 30 9B 19 01 63 8A 41 40 CC F0 81 37 2B 0B EA 0E DE EE 2E D0 70 5C 95 59 4B A7 3F D5 26 80 15 44 E6 3C 32 0B BA 30 DF CE 69 B0 D6 1D 17 A9 25 

Data to be absorbed:
C8 2C 1C 49 BC 1B EC 48 C0 67 5E C2 A6 C6 F3 ED 3E 5B 74 1D 13 43 70 95 70 7C 56 5E 10 D8 A2 0B 8C 20 46 8F F9 51 4F CF 31 B4 24 9C D8 2D CE E5 8C 0A 2A F5 38 B2 91 A8 7E 33 90 D7 37 19 1A 07 48 4A 5D 3F 3F B8 C8 F1 5C E0 56 E5 E5 F8 FE BE 5E 1F B5 9D 67 40 98 0A A0 6C A8 A0 C2 0F 57 12 B4 CD E5 D0 32 E9 2A B8 9F 0A E1 01 1C 90 01 

Input of permutation:
A4 16 5F 90 58 76 31 F1 0E C4 DA 83 94 E0 B3 94 E1 3E 30 B2 85 CB 76 57 A3 49 FF 26 49 5C 44 CC 8E 42 00 8F 6F 0C B5 96 83 FE CE F4 8D 3D E9 D5 2B EA 91 94 8F CF 80 64 4A A7 34 DD 28 AC 6F CD B4 B2 D7 4C 72 7A 6C 8E 2F 9E 13 C6 C9 9B AF 95 2C 2C 85 62 39 0E ED 06 B9 19 F5 E0 18 93 8C E6 F9 09 30 DE 45 52 BE 2E B8 E8 CE F8 03 F8 70 96 27 B2 AD 9E 4F 35 60 87 D7 49 44 27 30 FB 49 A5 1E F3 F6 1A 2E 70 7F F0 DE 7A BE E7 A3 F4 10 2B 59 5E 35 CD D0 05 48 70 8E 30 9B 19 01 63 8A 41 40 CC F0 81 37 2B 0B EA 0E DE EE 2E D0 70 5C 95 59 4B A7 3F D5 26 80 15 44 E6 3C 32 0B BA 30 DF CE 69 B0 D6 1D 17 A9 25 

State after permutation:
5A 1D BD 37 2B BC 39 E7 1B 43 63 BA 52 1A 42 4C BC 5C 9C EE 80 3F 8D D3 BC 50 AC F6 CC BF A9 45 4A 37 1E 44 17 8A F3 76 61 BB EE E5 8C A8 6C 77 00 BB 68 E4 BC B7 D6 9D AF 82 30 8C AC 4C 33 97 C0 43 87 C7 5C 7B 0F E6 94 B3 4A C1 5A 88 47 16 6A B4 3D 25 03 FF 45 D7 71 59 0D 8D AC 69 5A 12 F4 D8 C6 E4 7D 5C 10 DA AB A9 FB 2A 20 5F AB 6E 08 4E CC 37 F2 EC C0 CF EF C6 B8 C3 25 6D CA B9 67 E8 1B F7 39 51 67 9B A7 88 31 9E 00 B2 E1 EB EB C3 E2 66 B6 7C 44 96 5E B6 79 D4 10 27 06 78 FB 4D C2 91 6E FF C8 50 F4 12 C2 09 E7 4E E9 AD 0A 27 E2 AF 13 2F 34 FB CB CD 96 04 E0 CD 5C 64 0A C7 20 CC FE 3E 2D A7 

