+++ Example with a small message +++

This is the message of length 29 from ShortMsgKAT.txt.

Input message (last byte aligned on MSB):
53 58 7B C8 

Input message (in bits):
0 1 0 1 0 0 1 1 0 1 0 1 1 0 0 0 0 1 1 1 1 0 1 1 1 1 0 0 1 

Input message (in bits, after the formal bit reordering):
1 1 0 0 1 0 1 0 0 0 0 1 1 0 1 0 1 1 0 1 1 1 1 0 1 0 0 1 1 

Input message (last byte aligned on LSB):
53 58 7B 19 

Initial state:
00 00 00 00 00 00 00 00 00 00 00 00 00 00 00 00 00 00 00 00 00 00 00 00 00 00 00 00 00 00 00 00 00 00 00 00 00 00 00 00 00 00 00 00 00 00 00 00 00 00 00 00 00 00 00 00 00 00 00 00 00 00 00 00 00 00 00 00 00 00 00 00 00 00 00 00 00 00 00 00 00 00 00 00 00 00 00 00 00 00 00 00 00 00 00 00 00 00 00 00 00 00 00 00 00 00 00 00 00 00 00 00 00 00 00 00 00 00 00 00 00 00 00 00 00 00 00 00 00 00 00 00 00 00 00 00 00 00 00 00 00 00 00 00 00 00 00 00 00 00 00 00 00 00 00 00 00 00 00 00 00 00 00 00 00 00 00 00 00 00 00 00 00 00 00 00 00 00 00 00 00 00 00 00 00 00 00 00 00 00 00 00 00 00 00 00 00 00 00 00 

Data to be absorbed:
53 58 7B 39 30 68 01 

Input of permutation:
53 58 7B 39 30 68 01 00 00 00 00 00 00 00 00 00 00 00 00 00 00 00 00 00 00 00 00 00 00 00 00 00 00 00 00 00 00 00 00 00 00 00 00 00 00 00 00 00 00 00 00 00 00 00 00 00 00 00 00 00 00 00 00 00 00 00 00 00 00 00 00 00 00 00 00 00 00 00 00 00 00 00 00 00 00 00 00 00 00 00 00 00 00 00 00 00 00 00 00 00 00 00 00 00 00 00 00 00 00 00 00 00 00 00 00 00 00 00 00 00 00 00 00 00 00 00 00 00 00 00 00 00 00 00 00 00 00 00 00 00 00 00 00 00 00 00 00 00 00 00 00 00 00 00 00 00 00 00 00 00 00 00 00 00 00 00 00 00 00 00 00 00 00 00 00 00 00 00 00 00 00 00 00 00 00 00 00 00 00 00 00 00 00 00 00 00 00 00 00 00 

State after permutation:
25 B2 A0 6A 93 EB A7 55 BD B7 18 33 3D 58 96 EE F2 56 28 C1 1B 0D B9 E7 6C BC F1 41 C6 28 B4 0A 8F 77 57 E4 AB 90 11 B9 CE BD E2 C9 55 88 2E 38 F8 BF 20 FF AB 5D 18 BE C7 A7 55 47 8D 5E 66 C0 B4 95 62 4E DF 9B C8 FE 3E 5D C8 68 2F 19 C5 D8 20 37 28 3B C8 EB AD 39 3C DF 83 39 09 31 87 39 64 C6 2B 03 AF 60 BB 30 68 FF 80 87 E9 1D 1B D3 52 47 96 81 AD 7F D3 F3 52 FB 50 76 F8 AC 4D AA 3B 07 D9 CC 0A 30 52 6D C7 4B 62 2B 2C E4 7A 84 9A 8E 4B D6 79 AB C5 98 33 11 10 15 C4 63 CC C7 3F 79 ED 99 D9 A3 2E 9D 34 60 F6 07 AD 8E 89 D5 92 2D 5D 06 D1 F6 24 A2 68 14 BB D5 AF 05 9D D6 5B F7 50 40 B2 2C 7B DF 

+++ Example with a larger message +++

This is the message of length 2008 from ShortMsgKAT.txt.

Input message (last byte aligned on MSB):
83 AF 34 27 9C CB 54 30 FE BE C0 7A 81 95 0D 30 F4 B6 6F 48 48 26 AF EE 74 56 F0 07 1A 51 E1 BB C5 55 70 B5 CC 7E C6 F9 30 9C 17 BF 5B EF DD 7C 6B A6 E9 68 CF 21 8A 2B 34 BD 5C F9 27 AB 84 6E 38 A4 0B BD 81 75 9E 9E 33 38 10 16 A7 55 F6 99 DF 35 D6 60 00 7B 5E AD F2 92 FE EF B7 35 20 7E BF 70 B5 BD 17 83 4F 7B FA 0E 16 CB 21 9A D4 AF 52 4A B1 EA 37 33 4A A6 64 35 E5 D3 97 FC 0A 06 5C 41 1E BB CE 32 C2 40 B9 04 76 D3 07 CE 80 2E C8 2C 1C 49 BC 1B EC 48 C0 67 5E C2 A6 C6 F3 ED 3E 5B 74 1D 13 43 70 95 70 7C 56 5E 10 D8 A2 0B 8C 20 46 8F F9 51 4F CF 31 B4 24 9C D8 2D CE E5 8C 0A 2A F5 38 B2 91 A8 7E 33 90 D7 37 19 1A 07 48 4A 5D 3F 3F B8 C8 F1 5C E0 56 E5 E5 F8 FE BE 5E 1F B5 9D 67 40 98 0A A0 6C A8 A0 C2 0F 57 12 B4 CD E5 D0 32 E9 2A B8 9F 0A E1 

Input message (in bits):
1 0 0 0 0 0 1 1 1 0 1 0 1 1 1 1 0 0 1 1 0 1 0 0 0 0 1 0 0 1 1 1 1 0 0 1 1 1 0 0 1 1 0 0 1 0 1 1 0 1 0 1 0 1 0 0 0 0 1 1 0 0 0 0 1 1 1 1 1 1 1 0 1 0 1 1 1 1 1 0 1 1 0 0 0 0 0 0 0 1 1 1 1 0 1 0 1 0 0 0 0 0 0 1 1 0 0 1 0 1 0 1 0 0 0 0 1 1 0 1 0 0 1 1 0 0 0 0 1 1 1 1 0 1 0 0 1 0 1 1 0 1 1 0 0 1 1 0 1 1 1 1 0 1 0 0 1 0 0 0 0 1 0 0 1 0 0 0 0 0 1 0 0 1 1 0 1 0 1 0 1 1 1 1 1 1 1 0 1 1 1 0 0 1 1 1 0 1 0 0 0 1 0 1 0 1 1 0 1 1 1 1 0 0 0 0 0 0 0 0 0 1 1 1 0 0 0 1 1 0 1 0 0 1 0 1 0 0 0 1 1 1 1 0 0 0 0 1 1 0 1 1 1 0 1 1 1 1 0 0 0 1 0 1 0 1 0 1 0 1 0 1 0 1 1 1 0 0 0 0 1 0 1 1 0 1 0 1 1 1 0 0 1 1 0 0 0 1 1 1 1 1 1 0 1 1 0 0 0 1 1 0 1 1 1 1 1 0 0 1 0 0 1 1 0 0 0 0 1 0 0 1 1 1 0 0 0 0 0 1 0 1 1 1 1 0 1 1 1 1 1 1 0 1 0 1 1 0 1 1 1 1 1 0 1 1 1 1 1 1 0 1 1 1 0 1 0 1 1 1 1 1 0 0 0 1 1 0 1 0 1 1 1 0 1 0 0 1 1 0 1 1 1 0 1 0 0 1 0 1 1 0 1 0 0 0 1 1 0 0 1 1 1 1 0 0 1 0 0 0 0 1 1 0 0 0 1 0 1 0 0 0 1 0 1 0 1 1 0 0 1 1 0 1 0 0 1 0 1 1 1 1 0 1 0 1 0 1 1 1 0 0 1 1 1 1 1 0 0 1 0 0 1 0 0 1 1 1 1 0 1 0 1 0 1 1 1 0 0 0 0 1 0 0 0 1 1 0 1 1 1 0 0 0 1 1 1 0 0 0 1 0 1 0 0 1 0 0 0 0 0 0 1 0 1 1 1 0 1 1 1 1 0 1 1 0 0 0 0 0 0 1 0 1 1 1 0 1 0 1 1 0 0 1 1 1 1 0 1 0 0 1 1 1 1 0 0 0 1 1 0 0 1 1 0 0 1 1 1 0 0 0 0 0 0 1 0 0 0 0 0 0 0 1 0 1 1 0 1 0 1 0 0 1 1 1 0 1 0 1 0 1 0 1 1 1 1 1 0 1 1 0 1 0 0 1 1 0 0 1 1 1 0 1 1 1 1 1 0 0 1 1 0 1 0 1 1 1 0 1 0 1 1 0 0 1 1 0 0 0 0 0 0 0 0 0 0 0 0 0 0 1 1 1 1 0 1 1 0 1 0 1 1 1 1 0 1 0 1 0 1 1 0 1 1 1 1 1 0 0 1 0 1 0 0 1 0 0 1 0 1 1 1 1 1 1 1 0 1 1 1 0 1 1 1 1 1 0 1 1 0 1 1 1 0 0 1 1 0 1 0 1 0 0 1 0 0 0 0 0 0 1 1 1 1 1 1 0 1 0 1 1 1 1 1 1 0 1 1 1 0 0 0 0 1 0 1 1 0 1 0 1 1 0 1 1 1 1 0 1 0 0 0 1 0 1 1 1 1 0 0 0 0 0 1 1 0 1 0 0 1 1 1 1 0 1 1 1 1 0 1 1 1 1 1 1 1 0 1 0 0 0 0 0 1 1 1 0 0 0 0 1 0 1 1 0 1 1 0 0 1 0 1 1 0 0 1 0 0 0 0 1 1 0 0 1 1 0 1 0 1 1 0 1 0 1 0 0 1 0 1 0 1 1 1 1 0 1 0 1 0 0 1 0 0 1 0 0 1 0 1 0 1 0 1 1 0 0 0 1 1 1 1 0 1 0 1 0 0 0 1 1 0 1 1 1 0 0 1 1 0 0 1 1 0 1 0 0 1 0 1 0 1 0 1 0 0 1 1 0 0 1 1 0 0 1 0 0 0 0 1 1 0 1 0 1 1 1 1 0 0 1 0 1 1 1 0 1 0 0 1 1 1 0 0 1 0 1 1 1 1 1 1 1 1 1 0 0 0 0 0 0 1 0 1 0 0 0 0 0 0 1 1 0 0 1 0 1 1 1 0 0 0 1 0 0 0 0 0 1 0 0 0 1 1 1 1 0 1 0 1 1 1 0 1 1 1 1 0 0 1 1 1 0 0 0 1 1 0 0 1 0 1 1 0 0 0 0 1 0 0 1 0 0 0 0 0 0 1 0 1 1 1 0 0 1 0 0 0 0 0 1 0 0 0 1 1 1 0 1 1 0 1 1 0 1 0 0 1 1 0 0 0 0 0 1 1 1 1 1 0 0 1 1 1 0 1 0 0 0 0 0 0 0 0 0 1 0 1 1 1 0 1 1 0 0 1 0 0 0 0 0 1 0 1 1 0 0 0 0 0 1 1 1 0 0 0 1 0 0 1 0 0 1 1 0 1 1 1 1 0 0 0 0 0 1 1 0 1 1 1 1 1 0 1 1 0 0 0 1 0 0 1 0 0 0 1 1 0 0 0 0 0 0 0 1 1 0 0 1 1 1 0 1 0 1 1 1 1 0 1 1 0 0 0 0 1 0 1 0 1 0 0 1 1 0 1 1 0 0 0 1 1 0 1 1 1 1 0 0 1 1 1 1 1 0 1 1 0 1 0 0 1 1 1 1 1 0 0 1 0 1 1 0 1 1 0 1 1 1 0 1 0 0 0 0 0 1 1 1 0 1 0 0 0 1 0 0 1 1 0 1 0 0 0 0 1 1 0 1 1 1 0 0 0 0 1 0 0 1 0 1 0 1 0 1 1 1 0 0 0 0 0 1 1 1 1 1 0 0 0 1 0 1 0 1 1 0 0 1 0 1 1 1 1 0 0 0 0 1 0 0 0 0 1 1 0 1 1 0 0 0 1 0 1 0 0 0 1 0 0 0 0 0 1 0 1 1 1 0 0 0 1 1 0 0 0 0 1 0 0 0 0 0 0 1 0 0 0 1 1 0 1 0 0 0 1 1 1 1 1 1 1 1 1 0 0 1 0 1 0 1 0 0 0 1 0 1 0 0 1 1 1 1 1 1 0 0 1 1 1 1 0 0 1 1 0 0 0 1 1 0 1 1 0 1 0 0 0 0 1 0 0 1 0 0 1 0 0 1 1 1 0 0 1 1 0 1 1 0 0 0 0 0 1 0 1 1 0 1 1 1 0 0 1 1 1 0 1 1 1 0 0 1 0 1 1 0 0 0 1 1 0 0 0 0 0 0 1 0 1 0 0 0 1 0 1 0 1 0 1 1 1 1 0 1 0 1 0 0 1 1 1 0 0 0 1 0 1 1 0 0 1 0 1 0 0 1 0 0 0 1 1 0 1 0 1 0 0 0 0 1 1 1 1 1 1 0 0 0 1 1 0 0 1 1 1 0 0 1 0 0 0 0 1 1 0 1 0 1 1 1 0 0 1 1 0 1 1 1 0 0 0 1 1 0 0 1 0 0 0 1 1 0 1 0 0 0 0 0 0 1 1 1 0 1 0 0 1 0 0 0 0 1 0 0 1 0 1 0 0 1 0 1 1 1 0 1 0 0 1 1 1 1 1 1 0 0 1 1 1 1 1 1 1 0 1 1 1 0 0 0 1 1 0 0 1 0 0 0 1 1 1 1 0 0 0 1 0 1 0 1 1 1 0 0 1 1 1 0 0 0 0 0 0 1 0 1 0 1 1 0 1 1 1 0 0 1 0 1 1 1 1 0 0 1 0 1 1 1 1 1 1 0 0 0 1 1 1 1 1 1 1 0 1 0 1 1 1 1 1 0 0 1 0 1 1 1 1 0 0 0 0 1 1 1 1 1 1 0 1 1 0 1 0 1 1 0 0 1 1 1 0 1 0 1 1 0 0 1 1 1 0 1 0 0 0 0 0 0 1 0 0 1 1 0 0 0 0 0 0 0 1 0 1 0 1 0 1 0 0 0 0 0 0 1 1 0 1 1 0 0 1 0 1 0 1 0 0 0 1 0 1 0 0 0 0 0 1 1 0 0 0 0 1 0 0 0 0 0 1 1 1 1 0 1 0 1 0 1 1 1 0 0 0 1 0 0 1 0 1 0 1 1 0 1 0 0 1 1 0 0 1 1 0 1 1 1 1 0 0 1 0 1 1 1 0 1 0 0 0 0 0 0 1 1 0 0 1 0 1 1 1 0 1 0 0 1 0 0 1 0 1 0 1 0 1 0 1 1 1 0 0 0 1 0 0 1 1 1 1 1 0 0 0 0 1 0 1 0 1 1 1 0 0 0 0 1 

Input message (in bits, after the formal bit reordering):
1 1 0 0 0 0 0 1 1 1 1 1 0 1 0 1 0 0 1 0 1 1 0 0 1 1 1 0 0 1 0 0 0 0 1 1 1 0 0 1 1 1 0 1 0 0 1 1 0 0 1 0 1 0 1 0 0 0 0 0 1 1 0 0 0 1 1 1 1 1 1 1 0 1 1 1 1 1 0 1 0 0 0 0 0 0 1 1 0 1 0 1 1 1 1 0 1 0 0 0 0 0 0 1 1 0 1 0 1 0 0 1 1 0 1 1 0 0 0 0 0 0 0 0 1 1 0 0 0 0 1 0 1 1 1 1 0 1 1 0 1 1 0 1 1 1 1 1 0 1 1 0 0 0 0 1 0 0 1 0 0 0 0 1 0 0 1 0 0 1 1 0 0 1 0 0 1 1 1 1 0 1 0 1 0 1 1 1 0 1 1 1 0 0 1 0 1 1 1 0 0 1 1 0 1 0 1 0 0 0 0 0 1 1 1 1 1 1 1 0 0 0 0 0 0 1 0 1 1 0 0 0 1 0 0 0 1 0 1 0 1 0 0 0 0 1 1 1 1 1 0 1 1 1 0 1 1 0 1 0 0 0 1 1 1 0 1 0 1 0 1 0 0 0 0 0 1 1 1 0 1 0 1 0 1 1 0 1 0 0 1 1 0 0 1 1 0 1 1 1 1 1 1 0 0 1 1 0 0 0 1 1 1 0 0 1 1 1 1 1 0 0 0 0 1 1 0 0 0 0 1 1 1 0 0 1 1 1 1 0 1 0 0 0 1 1 1 1 1 1 0 1 1 1 0 1 1 0 1 0 1 1 1 1 0 1 1 1 1 0 1 1 1 0 1 1 0 0 1 1 1 1 1 0 1 1 0 1 0 1 1 0 0 1 1 0 0 1 0 1 1 0 0 1 0 1 1 1 0 0 0 1 0 1 1 0 1 1 1 1 0 0 1 1 1 0 0 0 0 1 0 0 0 1 0 1 0 0 0 1 1 1 0 1 0 1 0 0 0 0 1 0 1 1 0 0 1 0 1 1 1 1 0 1 0 0 1 1 1 0 1 0 1 0 0 1 1 1 1 1 1 1 1 0 0 1 0 0 1 1 0 1 0 1 0 1 0 0 1 0 0 0 0 1 0 1 1 1 0 1 1 0 0 0 0 1 1 1 0 0 0 0 1 0 0 1 0 1 1 1 0 1 0 0 0 0 1 0 1 1 1 1 0 1 1 0 0 0 0 0 0 1 1 0 1 0 1 1 1 0 0 1 1 1 1 0 0 1 0 1 1 1 1 0 0 1 1 1 0 0 1 1 0 0 0 0 0 1 1 1 0 0 0 0 0 0 1 0 0 0 0 1 1 0 1 0 0 0 1 1 1 0 0 1 0 1 1 0 1 0 1 0 1 0 0 1 1 0 1 1 1 1 1 0 0 1 1 0 0 1 1 1 1 1 1 0 1 1 1 0 1 0 1 1 0 0 0 1 1 0 1 0 1 1 0 0 0 0 0 1 1 0 0 0 0 0 0 0 0 0 1 1 0 1 1 1 1 0 0 1 1 1 1 0 1 0 1 0 1 1 0 1 0 1 0 1 0 0 1 1 1 1 0 1 0 0 1 0 0 1 0 1 1 1 1 1 1 1 1 1 1 1 0 1 1 1 1 1 1 0 1 1 0 1 1 0 1 0 1 1 0 0 0 0 0 0 0 1 0 0 0 1 1 1 1 1 1 0 1 1 1 1 1 1 0 1 0 0 0 0 1 1 1 0 1 0 1 0 1 1 0 1 1 0 1 1 1 1 0 1 1 1 1 0 1 0 0 0 1 1 0 0 0 0 0 1 1 1 1 1 0 0 1 0 1 1 0 1 1 1 1 0 0 1 0 1 1 1 1 1 0 1 1 1 0 0 0 0 0 1 1 0 1 0 0 0 1 1 0 1 0 0 1 1 1 0 0 0 0 1 0 0 0 1 0 1 1 0 0 1 0 0 1 0 1 0 1 1 1 1 1 1 0 1 0 1 0 1 0 0 1 0 1 0 0 1 0 1 0 0 1 0 1 0 0 0 1 1 0 1 0 1 0 1 0 1 1 1 1 1 1 0 1 1 0 0 1 1 0 0 1 1 0 0 0 1 0 1 0 0 1 0 0 1 1 0 0 1 0 1 0 0 1 0 0 1 1 0 1 0 1 0 1 1 0 0 1 0 1 0 0 1 1 1 1 1 0 0 1 0 1 1 1 1 1 0 1 0 0 1 0 0 1 1 1 1 1 1 0 1 0 1 0 0 0 0 0 1 1 0 0 0 0 0 0 0 1 1 1 0 1 0 1 0 0 0 0 0 1 0 0 1 1 1 1 0 0 0 1 1 0 1 1 1 0 1 0 1 1 1 0 0 1 1 0 1 0 0 1 1 0 0 0 1 0 0 0 0 1 1 0 0 0 0 0 0 1 0 1 0 0 1 1 1 0 1 0 0 1 0 0 0 0 0 0 1 1 0 1 1 1 0 1 1 0 0 1 0 1 1 1 1 1 0 0 0 0 0 0 1 1 1 0 0 1 1 0 0 0 0 0 0 0 1 0 1 1 1 0 1 0 0 0 0 0 1 0 0 1 1 0 0 1 1 0 1 0 0 0 0 1 1 1 0 0 0 1 0 0 1 0 0 1 0 0 0 1 1 1 1 0 1 1 1 0 1 1 0 0 0 0 0 1 1 0 1 1 1 0 0 0 1 0 0 1 0 0 0 0 0 0 0 1 1 1 1 1 0 0 1 1 0 0 1 1 1 1 0 1 0 0 1 0 0 0 0 1 1 0 1 1 0 0 1 0 1 0 1 1 0 0 0 1 1 1 1 0 0 1 1 1 1 1 0 1 1 0 1 1 1 0 1 1 1 1 1 0 0 1 1 0 1 1 0 1 0 0 0 1 0 1 1 1 0 1 0 1 1 1 0 0 0 1 1 0 0 1 0 0 0 1 1 0 0 0 0 1 0 0 0 0 0 1 1 1 0 1 0 1 0 1 0 0 1 0 0 0 0 1 1 1 0 0 0 1 1 1 1 1 0 0 1 1 0 1 0 1 0 0 1 1 1 1 0 1 0 0 0 0 0 1 0 0 0 0 0 0 1 1 0 1 1 0 1 0 0 0 1 0 1 1 1 0 1 0 0 0 0 0 0 1 1 0 0 0 1 0 0 0 0 0 1 0 0 0 1 1 0 0 0 1 0 1 1 1 1 0 0 0 1 1 0 0 1 1 1 1 1 1 0 0 0 1 0 1 0 1 1 1 1 0 0 1 0 1 1 1 1 0 0 1 1 1 0 0 0 1 1 0 0 0 0 1 0 1 1 0 1 0 0 1 0 0 1 0 0 0 0 1 1 1 0 0 1 0 0 0 1 1 0 1 1 1 0 1 1 0 1 0 0 0 1 1 1 0 0 1 1 1 0 1 0 0 1 1 1 0 0 1 1 0 0 0 1 0 1 0 1 0 0 0 0 0 1 0 1 0 1 0 0 1 0 1 0 1 1 1 1 0 0 0 1 1 1 0 0 0 1 0 0 1 1 0 1 1 0 0 0 1 0 0 1 0 0 0 1 0 1 0 1 0 1 1 1 1 1 1 0 1 1 0 0 1 1 0 0 0 0 0 0 1 0 0 1 1 1 1 0 1 0 1 1 1 1 1 0 1 1 0 0 1 0 0 1 1 0 0 0 0 1 0 1 1 0 0 0 1 1 1 0 0 0 0 0 0 0 0 1 0 0 1 0 0 1 0 1 0 0 1 0 1 0 1 1 1 0 1 0 1 1 1 1 1 1 0 0 1 1 1 1 1 1 0 0 0 0 0 1 1 1 0 1 0 0 0 1 0 0 1 1 1 0 0 0 1 1 1 1 0 0 1 1 1 0 1 0 0 0 0 0 0 1 1 1 0 1 1 0 1 0 1 0 1 0 1 0 0 1 1 1 1 0 1 0 0 1 1 1 0 0 0 1 1 1 1 1 0 1 1 1 1 1 1 1 0 1 1 1 1 1 0 1 0 1 1 1 1 0 1 0 1 1 1 1 1 0 0 0 1 0 1 0 1 1 0 1 1 0 1 1 1 0 0 1 1 1 1 0 0 1 1 0 0 0 0 0 0 0 1 0 0 0 0 1 1 0 0 1 0 1 0 1 0 0 0 0 0 0 0 0 0 1 0 1 0 0 1 1 0 1 1 0 0 0 0 1 0 1 0 1 0 0 0 0 0 1 0 1 0 1 0 0 0 0 1 1 1 1 1 1 0 0 0 0 1 1 1 0 1 0 1 0 0 1 0 0 1 0 0 0 0 0 1 0 1 1 0 1 1 0 1 1 0 0 1 1 1 0 1 0 0 1 1 1 0 0 0 0 1 0 1 1 0 1 0 0 1 1 0 0 1 0 0 1 0 1 1 1 0 1 0 1 0 1 0 0 0 0 0 1 1 1 0 1 1 1 1 1 1 0 0 1 0 1 0 1 0 0 0 0 1 0 0 0 0 1 1 1 

Input message (last byte aligned on LSB):
83 AF 34 27 9C CB 54 30 FE BE C0 7A 81 95 0D 30 F4 B6 6F 48 48 26 AF EE 74 56 F0 07 1A 51 E1 BB C5 55 70 B5 CC 7E C6 F9 30 9C 17 BF 5B EF DD 7C 6B A6 E9 68 CF 21 8A 2B 34 BD 5C F9 27 AB 84 6E 38 A4 0B BD 81 75 9E 9E 33 38 10 16 A7 55 F6 99 DF 35 D6 60 00 7B 5E AD F2 92 FE EF B7 35 20 7E BF 70 B5 BD 17 83 4F 7B FA 0E 16 CB 21 9A D4 AF 52 4A B1 EA 37 33 4A A6 64 35 E5 D3 97 FC 0A 06 5C 41 1E BB CE 32 C2 40 B9 04 76 D3 07 CE 80 2E C8 2C 1C 49 BC 1B EC 48 C0 67 5E C2 A6 C6 F3 ED 3E 5B 74 1D 13 43 70 95 70 7C 56 5E 10 D8 A2 0B 8C 20 46 8F F9 51 4F CF 31 B4 24 9C D8 2D CE E5 8C 0A 2A F5 38 B2 91 A8 7E 33 90 D7 37 19 1A 07 48 4A 5D 3F 3F B8 C8 F1 5C E0 56 E5 E5 F8 FE BE 5E 1F B5 9D 67 40 98 0A A0 6C A8 A0 C2 0F 57 12 B4 CD E5 D0 32 E9 2A B8 9F 0A E1 

Initial state:
00 00 00 00 00 00 00 00 00 00 00 00 00 00 00 00 00 00 00 00 00 00 00 00 00 00 00 00 00 00 00 00 00 00 00 00 00 00 00 00 00 00 00 00 00 00 00 00 00 00 00 00 00 00 00 00 00 00 00 00 00 00 00 00 00 00 00 00 00 00 00 00 00 00 00 00 00 00 00 00 00 00 00 00 00 00 00 00 00 00 00 00 00 00 00 00 00 00 00 00 00 00 00 00 00 00 00 00 00 00 00 00 00 00 00 00 00 00 00 00 00 00 00 00 00 00 00 00 00 00 00 00 00 00 00 00 00 00 00 00 00 00 00 00 00 00 00 00 00 00 00 00 00 00 00 00 00 00 00 00 00 00 00 00 00 00 00 00 00 00 00 00 00 00 00 00 00 00 00 00 00 00 00 00 00 00 00 00 00 00 00 00 00 00 00 00 00 00 00 00 

Data to be absorbed:
83 AF 34 27 9C CB 54 30 FE BE C0 7A 81 95 0D 30 F4 B6 6F 48 48 26 AF EE 74 56 F0 07 1A 51 E1 BB C5 55 70 B5 CC 7E C6 F9 30 9C 17 BF 5B EF DD 7C 6B A6 E9 68 CF 21 8A 2B 34 BD 5C F9 27 AB 84 6E 38 A4 0B BD 81 75 9E 9E 33 38 10 16 A7 55 F6 99 DF 35 D6 60 00 7B 5E AD F2 92 FE EF B7 35 20 7E BF 70 B5 BD 17 83 4F 7B 

Input of permutation:
83 AF 34 27 9C CB 54 30 FE BE C0 7A 81 95 0D 30 F4 B6 6F 48 48 26 AF EE 74 56 F0 07 1A 51 E1 BB C5 55 70 B5 CC 7E C6 F9 30 9C 17 BF 5B EF DD 7C 6B A6 E9 68 CF 21 8A 2B 34 BD 5C F9 27 AB 84 6E 38 A4 0B BD 81 75 9E 9E 33 38 10 16 A7 55 F6 99 DF 35 D6 60 00 7B 5E AD F2 92 FE EF B7 35 20 7E BF 70 B5 BD 17 83 4F 7B 00 00 00 00 00 00 00 00 00 00 00 00 00 00 00 00 00 00 00 00 00 00 00 00 00 00 00 00 00 00 00 00 00 00 00 00 00 00 00 00 00 00 00 00 00 00 00 00 00 00 00 00 00 00 00 00 00 00 00 00 00 00 00 00 00 00 00 00 00 00 00 00 00 00 00 00 00 00 00 00 00 00 00 00 00 00 00 00 00 00 00 00 00 00 00 00 

State after permutation:
BD EA 26 E4 9E 23 E6 98 BA 18 F7 F9 13 BF 80 58 0D 1F 1A 52 B0 25 16 14 6C 6A 58 1D B6 07 85 9F A8 6F 68 7B C5 F4 F6 15 A2 D3 96 EC 05 B1 65 D2 3F D8 C6 0F 86 1D 5D D0 62 96 EE 68 2E CB 22 39 5F 46 1C 70 A0 65 6B EA 87 9E 94 03 FC 87 AB CC 22 2C 0A 27 54 B6 C8 3C D5 9A D0 93 48 67 CD D5 10 30 A7 20 75 96 F1 6F FD 51 DB D9 F0 98 63 44 E9 33 1B 63 87 6F 35 64 CE 9B 50 81 5F E5 04 9A 06 33 73 3E DA 58 DD 5C 7A 04 57 94 60 47 17 1A 4F 4E 92 CC 91 10 22 9E B6 B0 28 64 92 DD 7F 0C B1 EF 8A F1 76 4A 28 F7 8A 6B EF B0 B7 A8 4B 57 94 41 BA D8 86 18 AC 4C 19 3C AC 9E 8E 97 D6 B0 36 D5 15 29 4A C6 BB E4 

Data to be absorbed:
FA 0E 16 CB 21 9A D4 AF 52 4A B1 EA 37 33 4A A6 64 35 E5 D3 97 FC 0A 06 5C 41 1E BB CE 32 C2 40 B9 04 76 D3 07 CE 80 2E C8 2C 1C 49 BC 1B EC 48 C0 67 5E C2 A6 C6 F3 ED 3E 5B 74 1D 13 43 70 95 70 7C 56 5E 10 D8 A2 0B 8C 20 46 8F F9 51 4F CF 31 B4 24 9C D8 2D CE E5 8C 0A 2A F5 38 B2 91 A8 7E 33 90 D7 37 19 1A 07 

Input of permutation:
47 E4 30 2F BF B9 32 37 E8 52 46 13 24 8C CA FE 69 2A FF 81 27 D9 1C 12 30 2B 46 A6 78 35 47 DF 11 6B 1E A8 C2 3A 76 3B 6A FF 8A A5 B9 AA 89 9A FF BF 98 CD 20 DB AE 3D 5C CD 9A 75 3D 88 52 AC 2F 3A 4A 2E B0 BD C9 E1 0B BE D2 8C 05 D6 E4 03 13 98 2E BB 8C 9B 06 D9 59 90 FA 66 70 D5 5C 7D 6E 03 37 F7 42 8F EB 68 FD 51 DB D9 F0 98 63 44 E9 33 1B 63 87 6F 35 64 CE 9B 50 81 5F E5 04 9A 06 33 73 3E DA 58 DD 5C 7A 04 57 94 60 47 17 1A 4F 4E 92 CC 91 10 22 9E B6 B0 28 64 92 DD 7F 0C B1 EF 8A F1 76 4A 28 F7 8A 6B EF B0 B7 A8 4B 57 94 41 BA D8 86 18 AC 4C 19 3C AC 9E 8E 97 D6 B0 36 D5 15 29 4A C6 BB E4 

State after permutation:
A7 66 C2 02 47 63 DA B2 1D 3D 72 53 FC 53 23 E9 41 4A 88 74 AE 5D 5C 01 48 5D EB 06 51 83 52 7D 57 5B B0 8D 1B 67 50 56 59 20 F2 2E 9C 88 5B 7E B1 A3 AE 00 65 5F 78 FF 40 65 0E 9D 13 23 A5 5E 86 E1 B2 C0 DA 38 98 EC 43 12 E0 17 71 8E 71 EF A9 47 A6 B1 B1 67 4B 5F 69 0B FB D8 F1 2E E5 E3 73 8E 3F B5 A5 8B 38 3B 74 3B CE B1 D7 9D 5D 24 AB E8 9B C6 B5 D8 C9 BF 53 5B 15 1F 24 97 9E DF 7E 33 EB D7 CE F8 3F 35 04 44 E9 D5 F1 3A 9F AA 38 4F F5 CD 8B AB 0E 25 EE 88 4B CA 9D 9D 42 99 E2 06 46 60 3A BC 78 E5 D0 75 47 BA 07 45 10 19 40 A7 88 1A D0 A0 DF F2 67 8D 54 36 52 76 BA AC 92 C4 12 72 2C A0 9C C8 

Data to be absorbed:
48 4A 5D 3F 3F B8 C8 F1 5C E0 56 E5 E5 F8 FE BE 5E 1F B5 9D 67 40 98 0A A0 6C A8 A0 C2 0F 57 12 B4 CD E5 D0 32 E9 2A B8 9F 0A E1 01 30 68 01 

Input of permutation:
EF 2C 9F 3D 78 DB 12 43 41 DD 24 B6 19 AB DD 57 1F 55 3D E9 C9 1D C4 0B E8 31 43 A6 93 8C 05 6F E3 96 55 5D 29 8E 7A EE C6 2A 13 2F AC E0 5A 7E B1 A3 AE 00 65 5F 78 FF 40 65 0E 9D 13 23 A5 5E 86 E1 B2 C0 DA 38 98 EC 43 12 E0 17 71 8E 71 EF A9 47 A6 B1 B1 67 4B 5F 69 0B FB D8 F1 2E E5 E3 73 8E 3F B5 A5 8B 38 3B 74 3B CE B1 D7 9D 5D 24 AB E8 9B C6 B5 D8 C9 BF 53 5B 15 1F 24 97 9E DF 7E 33 EB D7 CE F8 3F 35 04 44 E9 D5 F1 3A 9F AA 38 4F F5 CD 8B AB 0E 25 EE 88 4B CA 9D 9D 42 99 E2 06 46 60 3A BC 78 E5 D0 75 47 BA 07 45 10 19 40 A7 88 1A D0 A0 DF F2 67 8D 54 36 52 76 BA AC 92 C4 12 72 2C A0 9C C8 

State after permutation:
AB 28 B0 F1 EE 9D E7 C6 0D 92 54 02 2E 8D FE 0A 5F 99 D4 51 56 42 C8 82 0E F6 EC 6F 84 CE 85 AF E5 DE 6D 60 48 F2 98 F6 00 21 F9 01 4B 9A 49 24 CB BA EB 8E 3B 99 90 0B A7 AC 91 94 58 F3 C2 3F 12 23 18 FC 87 FD C4 C6 71 A5 2D 63 A5 F1 57 CC CC 53 8A 91 18 B6 95 A3 31 9C B8 17 0D F4 22 08 18 BA E9 16 E1 00 F4 C2 7A 2A B2 A2 1D 7D 6B C3 8D 8A 51 AE F8 5F 3D 5C D3 18 F8 B6 A8 49 31 23 21 56 46 19 7C D8 4B 61 75 4B D7 D1 F4 B5 BF C7 0C 42 12 D0 39 06 25 8F 6D 7B 45 C6 67 67 DF AC CA F9 16 6A 35 97 36 FA 27 85 79 67 53 B9 4C 5E 89 0E DB A3 CA 07 1F B9 F0 09 1F 2E 88 15 0A FE 8B 2E E4 9B 5F 96 7F 70 

