+++ Example with a small message +++

This is the message of length 29 from ShortMsgKAT.txt.

Input message (last byte aligned on MSB):
53 58 7B C8 

Input message (in bits):
0 1 0 1 0 0 1 1 0 1 0 1 1 0 0 0 0 1 1 1 1 0 1 1 1 1 0 0 1 

Input message (in bits, after the formal bit reordering):
1 1 0 0 1 0 1 0 0 0 0 1 1 0 1 0 1 1 0 1 1 1 1 0 1 0 0 1 1 

Input message (last byte aligned on LSB):
53 58 7B 19 

Initial state:
00 00 00 00 00 00 00 00 00 00 00 00 00 00 00 00 00 00 00 00 00 00 00 00 00 00 00 00 00 00 00 00 00 00 00 00 00 00 00 00 00 00 00 00 00 00 00 00 00 00 00 00 00 00 00 00 00 00 00 00 00 00 00 00 00 00 00 00 00 00 00 00 00 00 00 00 00 00 00 00 00 00 00 00 00 00 00 00 00 00 00 00 00 00 00 00 00 00 00 00 00 00 00 00 00 00 00 00 00 00 00 00 00 00 00 00 00 00 00 00 00 00 00 00 00 00 00 00 00 00 00 00 00 00 00 00 00 00 00 00 00 00 00 00 00 00 00 00 00 00 00 00 00 00 00 00 00 00 00 00 00 00 00 00 00 00 00 00 00 00 00 00 00 00 00 00 00 00 00 00 00 00 00 00 00 00 00 00 00 00 00 00 00 00 00 00 00 00 00 00 

Data to be absorbed:
53 58 7B 39 20 88 01 

Input of permutation:
53 58 7B 39 20 88 01 00 00 00 00 00 00 00 00 00 00 00 00 00 00 00 00 00 00 00 00 00 00 00 00 00 00 00 00 00 00 00 00 00 00 00 00 00 00 00 00 00 00 00 00 00 00 00 00 00 00 00 00 00 00 00 00 00 00 00 00 00 00 00 00 00 00 00 00 00 00 00 00 00 00 00 00 00 00 00 00 00 00 00 00 00 00 00 00 00 00 00 00 00 00 00 00 00 00 00 00 00 00 00 00 00 00 00 00 00 00 00 00 00 00 00 00 00 00 00 00 00 00 00 00 00 00 00 00 00 00 00 00 00 00 00 00 00 00 00 00 00 00 00 00 00 00 00 00 00 00 00 00 00 00 00 00 00 00 00 00 00 00 00 00 00 00 00 00 00 00 00 00 00 00 00 00 00 00 00 00 00 00 00 00 00 00 00 00 00 00 00 00 00 

State after permutation:
B5 32 9A 68 07 17 ED A2 67 34 7C 90 26 4B DD 9F 6B 74 54 B6 6F D8 73 96 E4 71 72 67 94 4F 0E F7 D6 FD 40 9C 17 7D 12 12 15 74 BA C8 A9 E8 C1 36 94 12 ED E0 F2 75 02 36 00 E9 FC 3A 2F 7F DA A4 12 10 D0 C5 5D 8D 1B 0E 58 AD 08 6B 9C 94 1E 3E FC F9 76 6B 23 1C F0 F2 1E 63 A1 06 7A 85 F5 39 DD FB E7 F8 D2 FB B2 FA D6 0C CD F5 18 68 41 AA 56 DB 65 F4 13 74 96 6A 5D BD 41 01 0F BD D4 D3 AD 85 95 18 10 4D EF 39 C9 73 0B FB B1 CC 27 A7 5E 29 B3 13 11 17 5B AE 20 FC 5F 21 ED 78 3C 85 84 B8 95 84 78 C3 64 7F 56 93 9F 44 46 DA 04 0C EE 32 54 69 D9 AE D5 37 E7 89 9B 34 07 EA 63 8B A4 E4 58 B7 DB 96 D9 E1 

+++ Example with a larger message +++

This is the message of length 2008 from ShortMsgKAT.txt.

Input message (last byte aligned on MSB):
83 AF 34 27 9C CB 54 30 FE BE C0 7A 81 95 0D 30 F4 B6 6F 48 48 26 AF EE 74 56 F0 07 1A 51 E1 BB C5 55 70 B5 CC 7E C6 F9 30 9C 17 BF 5B EF DD 7C 6B A6 E9 68 CF 21 8A 2B 34 BD 5C F9 27 AB 84 6E 38 A4 0B BD 81 75 9E 9E 33 38 10 16 A7 55 F6 99 DF 35 D6 60 00 7B 5E AD F2 92 FE EF B7 35 20 7E BF 70 B5 BD 17 83 4F 7B FA 0E 16 CB 21 9A D4 AF 52 4A B1 EA 37 33 4A A6 64 35 E5 D3 97 FC 0A 06 5C 41 1E BB CE 32 C2 40 B9 04 76 D3 07 CE 80 2E C8 2C 1C 49 BC 1B EC 48 C0 67 5E C2 A6 C6 F3 ED 3E 5B 74 1D 13 43 70 95 70 7C 56 5E 10 D8 A2 0B 8C 20 46 8F F9 51 4F CF 31 B4 24 9C D8 2D CE E5 8C 0A 2A F5 38 B2 91 A8 7E 33 90 D7 37 19 1A 07 48 4A 5D 3F 3F B8 C8 F1 5C E0 56 E5 E5 F8 FE BE 5E 1F B5 9D 67 40 98 0A A0 6C A8 A0 C2 0F 57 12 B4 CD E5 D0 32 E9 2A B8 9F 0A E1 

Input message (in bits):
1 0 0 0 0 0 1 1 1 0 1 0 1 1 1 1 0 0 1 1 0 1 0 0 0 0 1 0 0 1 1 1 1 0 0 1 1 1 0 0 1 1 0 0 1 0 1 1 0 1 0 1 0 1 0 0 0 0 1 1 0 0 0 0 1 1 1 1 1 1 1 0 1 0 1 1 1 1 1 0 1 1 0 0 0 0 0 0 0 1 1 1 1 0 1 0 1 0 0 0 0 0 0 1 1 0 0 1 0 1 0 1 0 0 0 0 1 1 0 1 0 0 1 1 0 0 0 0 1 1 1 1 0 1 0 0 1 0 1 1 0 1 1 0 0 1 1 0 1 1 1 1 0 1 0 0 1 0 0 0 0 1 0 0 1 0 0 0 0 0 1 0 0 1 1 0 1 0 1 0 1 1 1 1 1 1 1 0 1 1 1 0 0 1 1 1 0 1 0 0 0 1 0 1 0 1 1 0 1 1 1 1 0 0 0 0 0 0 0 0 0 1 1 1 0 0 0 1 1 0 1 0 0 1 0 1 0 0 0 1 1 1 1 0 0 0 0 1 1 0 1 1 1 0 1 1 1 1 0 0 0 1 0 1 0 1 0 1 0 1 0 1 0 1 1 1 0 0 0 0 1 0 1 1 0 1 0 1 1 1 0 0 1 1 0 0 0 1 1 1 1 1 1 0 1 1 0 0 0 1 1 0 1 1 1 1 1 0 0 1 0 0 1 1 0 0 0 0 1 0 0 1 1 1 0 0 0 0 0 1 0 1 1 1 1 0 1 1 1 1 1 1 0 1 0 1 1 0 1 1 1 1 1 0 1 1 1 1 1 1 0 1 1 1 0 1 0 1 1 1 1 1 0 0 0 1 1 0 1 0 1 1 1 0 1 0 0 1 1 0 1 1 1 0 1 0 0 1 0 1 1 0 1 0 0 0 1 1 0 0 1 1 1 1 0 0 1 0 0 0 0 1 1 0 0 0 1 0 1 0 0 0 1 0 1 0 1 1 0 0 1 1 0 1 0 0 1 0 1 1 1 1 0 1 0 1 0 1 1 1 0 0 1 1 1 1 1 0 0 1 0 0 1 0 0 1 1 1 1 0 1 0 1 0 1 1 1 0 0 0 0 1 0 0 0 1 1 0 1 1 1 0 0 0 1 1 1 0 0 0 1 0 1 0 0 1 0 0 0 0 0 0 1 0 1 1 1 0 1 1 1 1 0 1 1 0 0 0 0 0 0 1 0 1 1 1 0 1 0 1 1 0 0 1 1 1 1 0 1 0 0 1 1 1 1 0 0 0 1 1 0 0 1 1 0 0 1 1 1 0 0 0 0 0 0 1 0 0 0 0 0 0 0 1 0 1 1 0 1 0 1 0 0 1 1 1 0 1 0 1 0 1 0 1 1 1 1 1 0 1 1 0 1 0 0 1 1 0 0 1 1 1 0 1 1 1 1 1 0 0 1 1 0 1 0 1 1 1 0 1 0 1 1 0 0 1 1 0 0 0 0 0 0 0 0 0 0 0 0 0 0 1 1 1 1 0 1 1 0 1 0 1 1 1 1 0 1 0 1 0 1 1 0 1 1 1 1 1 0 0 1 0 1 0 0 1 0 0 1 0 1 1 1 1 1 1 1 0 1 1 1 0 1 1 1 1 1 0 1 1 0 1 1 1 0 0 1 1 0 1 0 1 0 0 1 0 0 0 0 0 0 1 1 1 1 1 1 0 1 0 1 1 1 1 1 1 0 1 1 1 0 0 0 0 1 0 1 1 0 1 0 1 1 0 1 1 1 1 0 1 0 0 0 1 0 1 1 1 1 0 0 0 0 0 1 1 0 1 0 0 1 1 1 1 0 1 1 1 1 0 1 1 1 1 1 1 1 0 1 0 0 0 0 0 1 1 1 0 0 0 0 1 0 1 1 0 1 1 0 0 1 0 1 1 0 0 1 0 0 0 0 1 1 0 0 1 1 0 1 0 1 1 0 1 0 1 0 0 1 0 1 0 1 1 1 1 0 1 0 1 0 0 1 0 0 1 0 0 1 0 1 0 1 0 1 1 0 0 0 1 1 1 1 0 1 0 1 0 0 0 1 1 0 1 1 1 0 0 1 1 0 0 1 1 0 1 0 0 1 0 1 0 1 0 1 0 0 1 1 0 0 1 1 0 0 1 0 0 0 0 1 1 0 1 0 1 1 1 1 0 0 1 0 1 1 1 0 1 0 0 1 1 1 0 0 1 0 1 1 1 1 1 1 1 1 1 0 0 0 0 0 0 1 0 1 0 0 0 0 0 0 1 1 0 0 1 0 1 1 1 0 0 0 1 0 0 0 0 0 1 0 0 0 1 1 1 1 0 1 0 1 1 1 0 1 1 1 1 0 0 1 1 1 0 0 0 1 1 0 0 1 0 1 1 0 0 0 0 1 0 0 1 0 0 0 0 0 0 1 0 1 1 1 0 0 1 0 0 0 0 0 1 0 0 0 1 1 1 0 1 1 0 1 1 0 1 0 0 1 1 0 0 0 0 0 1 1 1 1 1 0 0 1 1 1 0 1 0 0 0 0 0 0 0 0 0 1 0 1 1 1 0 1 1 0 0 1 0 0 0 0 0 1 0 1 1 0 0 0 0 0 1 1 1 0 0 0 1 0 0 1 0 0 1 1 0 1 1 1 1 0 0 0 0 0 1 1 0 1 1 1 1 1 0 1 1 0 0 0 1 0 0 1 0 0 0 1 1 0 0 0 0 0 0 0 1 1 0 0 1 1 1 0 1 0 1 1 1 1 0 1 1 0 0 0 0 1 0 1 0 1 0 0 1 1 0 1 1 0 0 0 1 1 0 1 1 1 1 0 0 1 1 1 1 1 0 1 1 0 1 0 0 1 1 1 1 1 0 0 1 0 1 1 0 1 1 0 1 1 1 0 1 0 0 0 0 0 1 1 1 0 1 0 0 0 1 0 0 1 1 0 1 0 0 0 0 1 1 0 1 1 1 0 0 0 0 1 0 0 1 0 1 0 1 0 1 1 1 0 0 0 0 0 1 1 1 1 1 0 0 0 1 0 1 0 1 1 0 0 1 0 1 1 1 1 0 0 0 0 1 0 0 0 0 1 1 0 1 1 0 0 0 1 0 1 0 0 0 1 0 0 0 0 0 1 0 1 1 1 0 0 0 1 1 0 0 0 0 1 0 0 0 0 0 0 1 0 0 0 1 1 0 1 0 0 0 1 1 1 1 1 1 1 1 1 0 0 1 0 1 0 1 0 0 0 1 0 1 0 0 1 1 1 1 1 1 0 0 1 1 1 1 0 0 1 1 0 0 0 1 1 0 1 1 0 1 0 0 0 0 1 0 0 1 0 0 1 0 0 1 1 1 0 0 1 1 0 1 1 0 0 0 0 0 1 0 1 1 0 1 1 1 0 0 1 1 1 0 1 1 1 0 0 1 0 1 1 0 0 0 1 1 0 0 0 0 0 0 1 0 1 0 0 0 1 0 1 0 1 0 1 1 1 1 0 1 0 1 0 0 1 1 1 0 0 0 1 0 1 1 0 0 1 0 1 0 0 1 0 0 0 1 1 0 1 0 1 0 0 0 0 1 1 1 1 1 1 0 0 0 1 1 0 0 1 1 1 0 0 1 0 0 0 0 1 1 0 1 0 1 1 1 0 0 1 1 0 1 1 1 0 0 0 1 1 0 0 1 0 0 0 1 1 0 1 0 0 0 0 0 0 1 1 1 0 1 0 0 1 0 0 0 0 1 0 0 1 0 1 0 0 1 0 1 1 1 0 1 0 0 1 1 1 1 1 1 0 0 1 1 1 1 1 1 1 0 1 1 1 0 0 0 1 1 0 0 1 0 0 0 1 1 1 1 0 0 0 1 0 1 0 1 1 1 0 0 1 1 1 0 0 0 0 0 0 1 0 1 0 1 1 0 1 1 1 0 0 1 0 1 1 1 1 0 0 1 0 1 1 1 1 1 1 0 0 0 1 1 1 1 1 1 1 0 1 0 1 1 1 1 1 0 0 1 0 1 1 1 1 0 0 0 0 1 1 1 1 1 1 0 1 1 0 1 0 1 1 0 0 1 1 1 0 1 0 1 1 0 0 1 1 1 0 1 0 0 0 0 0 0 1 0 0 1 1 0 0 0 0 0 0 0 1 0 1 0 1 0 1 0 0 0 0 0 0 1 1 0 1 1 0 0 1 0 1 0 1 0 0 0 1 0 1 0 0 0 0 0 1 1 0 0 0 0 1 0 0 0 0 0 1 1 1 1 0 1 0 1 0 1 1 1 0 0 0 1 0 0 1 0 1 0 1 1 0 1 0 0 1 1 0 0 1 1 0 1 1 1 1 0 0 1 0 1 1 1 0 1 0 0 0 0 0 0 1 1 0 0 1 0 1 1 1 0 1 0 0 1 0 0 1 0 1 0 1 0 1 0 1 1 1 0 0 0 1 0 0 1 1 1 1 1 0 0 0 0 1 0 1 0 1 1 1 0 0 0 0 1 

Input message (in bits, after the formal bit reordering):
1 1 0 0 0 0 0 1 1 1 1 1 0 1 0 1 0 0 1 0 1 1 0 0 1 1 1 0 0 1 0 0 0 0 1 1 1 0 0 1 1 1 0 1 0 0 1 1 0 0 1 0 1 0 1 0 0 0 0 0 1 1 0 0 0 1 1 1 1 1 1 1 0 1 1 1 1 1 0 1 0 0 0 0 0 0 1 1 0 1 0 1 1 1 1 0 1 0 0 0 0 0 0 1 1 0 1 0 1 0 0 1 1 0 1 1 0 0 0 0 0 0 0 0 1 1 0 0 0 0 1 0 1 1 1 1 0 1 1 0 1 1 0 1 1 1 1 1 0 1 1 0 0 0 0 1 0 0 1 0 0 0 0 1 0 0 1 0 0 1 1 0 0 1 0 0 1 1 1 1 0 1 0 1 0 1 1 1 0 1 1 1 0 0 1 0 1 1 1 0 0 1 1 0 1 0 1 0 0 0 0 0 1 1 1 1 1 1 1 0 0 0 0 0 0 1 0 1 1 0 0 0 1 0 0 0 1 0 1 0 1 0 0 0 0 1 1 1 1 1 0 1 1 1 0 1 1 0 1 0 0 0 1 1 1 0 1 0 1 0 1 0 0 0 0 0 1 1 1 0 1 0 1 0 1 1 0 1 0 0 1 1 0 0 1 1 0 1 1 1 1 1 1 0 0 1 1 0 0 0 1 1 1 0 0 1 1 1 1 1 0 0 0 0 1 1 0 0 0 0 1 1 1 0 0 1 1 1 1 0 1 0 0 0 1 1 1 1 1 1 0 1 1 1 0 1 1 0 1 0 1 1 1 1 0 1 1 1 1 0 1 1 1 0 1 1 0 0 1 1 1 1 1 0 1 1 0 1 0 1 1 0 0 1 1 0 0 1 0 1 1 0 0 1 0 1 1 1 0 0 0 1 0 1 1 0 1 1 1 1 0 0 1 1 1 0 0 0 0 1 0 0 0 1 0 1 0 0 0 1 1 1 0 1 0 1 0 0 0 0 1 0 1 1 0 0 1 0 1 1 1 1 0 1 0 0 1 1 1 0 1 0 1 0 0 1 1 1 1 1 1 1 1 0 0 1 0 0 1 1 0 1 0 1 0 1 0 0 1 0 0 0 0 1 0 1 1 1 0 1 1 0 0 0 0 1 1 1 0 0 0 0 1 0 0 1 0 1 1 1 0 1 0 0 0 0 1 0 1 1 1 1 0 1 1 0 0 0 0 0 0 1 1 0 1 0 1 1 1 0 0 1 1 1 1 0 0 1 0 1 1 1 1 0 0 1 1 1 0 0 1 1 0 0 0 0 0 1 1 1 0 0 0 0 0 0 1 0 0 0 0 1 1 0 1 0 0 0 1 1 1 0 0 1 0 1 1 0 1 0 1 0 1 0 0 1 1 0 1 1 1 1 1 0 0 1 1 0 0 1 1 1 1 1 1 0 1 1 1 0 1 0 1 1 0 0 0 1 1 0 1 0 1 1 0 0 0 0 0 1 1 0 0 0 0 0 0 0 0 0 1 1 0 1 1 1 1 0 0 1 1 1 1 0 1 0 1 0 1 1 0 1 0 1 0 1 0 0 1 1 1 1 0 1 0 0 1 0 0 1 0 1 1 1 1 1 1 1 1 1 1 1 0 1 1 1 1 1 1 0 1 1 0 1 1 0 1 0 1 1 0 0 0 0 0 0 0 1 0 0 0 1 1 1 1 1 1 0 1 1 1 1 1 1 0 1 0 0 0 0 1 1 1 0 1 0 1 0 1 1 0 1 1 0 1 1 1 1 0 1 1 1 1 0 1 0 0 0 1 1 0 0 0 0 0 1 1 1 1 1 0 0 1 0 1 1 0 1 1 1 1 0 0 1 0 1 1 1 1 1 0 1 1 1 0 0 0 0 0 1 1 0 1 0 0 0 1 1 0 1 0 0 1 1 1 0 0 0 0 1 0 0 0 1 0 1 1 0 0 1 0 0 1 0 1 0 1 1 1 1 1 1 0 1 0 1 0 1 0 0 1 0 1 0 0 1 0 1 0 0 1 0 1 0 0 0 1 1 0 1 0 1 0 1 0 1 1 1 1 1 1 0 1 1 0 0 1 1 0 0 1 1 0 0 0 1 0 1 0 0 1 0 0 1 1 0 0 1 0 1 0 0 1 0 0 1 1 0 1 0 1 0 1 1 0 0 1 0 1 0 0 1 1 1 1 1 0 0 1 0 1 1 1 1 1 0 1 0 0 1 0 0 1 1 1 1 1 1 0 1 0 1 0 0 0 0 0 1 1 0 0 0 0 0 0 0 1 1 1 0 1 0 1 0 0 0 0 0 1 0 0 1 1 1 1 0 0 0 1 1 0 1 1 1 0 1 0 1 1 1 0 0 1 1 0 1 0 0 1 1 0 0 0 1 0 0 0 0 1 1 0 0 0 0 0 0 1 0 1 0 0 1 1 1 0 1 0 0 1 0 0 0 0 0 0 1 1 0 1 1 1 0 1 1 0 0 1 0 1 1 1 1 1 0 0 0 0 0 0 1 1 1 0 0 1 1 0 0 0 0 0 0 0 1 0 1 1 1 0 1 0 0 0 0 0 1 0 0 1 1 0 0 1 1 0 1 0 0 0 0 1 1 1 0 0 0 1 0 0 1 0 0 1 0 0 0 1 1 1 1 0 1 1 1 0 1 1 0 0 0 0 0 1 1 0 1 1 1 0 0 0 1 0 0 1 0 0 0 0 0 0 0 1 1 1 1 1 0 0 1 1 0 0 1 1 1 1 0 1 0 0 1 0 0 0 0 1 1 0 1 1 0 0 1 0 1 0 1 1 0 0 0 1 1 1 1 0 0 1 1 1 1 1 0 1 1 0 1 1 1 0 1 1 1 1 1 0 0 1 1 0 1 1 0 1 0 0 0 1 0 1 1 1 0 1 0 1 1 1 0 0 0 1 1 0 0 1 0 0 0 1 1 0 0 0 0 1 0 0 0 0 0 1 1 1 0 1 0 1 0 1 0 0 1 0 0 0 0 1 1 1 0 0 0 1 1 1 1 1 0 0 1 1 0 1 0 1 0 0 1 1 1 1 0 1 0 0 0 0 0 1 0 0 0 0 0 0 1 1 0 1 1 0 1 0 0 0 1 0 1 1 1 0 1 0 0 0 0 0 0 1 1 0 0 0 1 0 0 0 0 0 1 0 0 0 1 1 0 0 0 1 0 1 1 1 1 0 0 0 1 1 0 0 1 1 1 1 1 1 0 0 0 1 0 1 0 1 1 1 1 0 0 1 0 1 1 1 1 0 0 1 1 1 0 0 0 1 1 0 0 0 0 1 0 1 1 0 1 0 0 1 0 0 1 0 0 0 0 1 1 1 0 0 1 0 0 0 1 1 0 1 1 1 0 1 1 0 1 0 0 0 1 1 1 0 0 1 1 1 0 1 0 0 1 1 1 0 0 1 1 0 0 0 1 0 1 0 1 0 0 0 0 0 1 0 1 0 1 0 0 1 0 1 0 1 1 1 1 0 0 0 1 1 1 0 0 0 1 0 0 1 1 0 1 1 0 0 0 1 0 0 1 0 0 0 1 0 1 0 1 0 1 1 1 1 1 1 0 1 1 0 0 1 1 0 0 0 0 0 0 1 0 0 1 1 1 1 0 1 0 1 1 1 1 1 0 1 1 0 0 1 0 0 1 1 0 0 0 0 1 0 1 1 0 0 0 1 1 1 0 0 0 0 0 0 0 0 1 0 0 1 0 0 1 0 1 0 0 1 0 1 0 1 1 1 0 1 0 1 1 1 1 1 1 0 0 1 1 1 1 1 1 0 0 0 0 0 1 1 1 0 1 0 0 0 1 0 0 1 1 1 0 0 0 1 1 1 1 0 0 1 1 1 0 1 0 0 0 0 0 0 1 1 1 0 1 1 0 1 0 1 0 1 0 1 0 0 1 1 1 1 0 1 0 0 1 1 1 0 0 0 1 1 1 1 1 0 1 1 1 1 1 1 1 0 1 1 1 1 1 0 1 0 1 1 1 1 0 1 0 1 1 1 1 1 0 0 0 1 0 1 0 1 1 0 1 1 0 1 1 1 0 0 1 1 1 1 0 0 1 1 0 0 0 0 0 0 0 1 0 0 0 0 1 1 0 0 1 0 1 0 1 0 0 0 0 0 0 0 0 0 1 0 1 0 0 1 1 0 1 1 0 0 0 0 1 0 1 0 1 0 0 0 0 0 1 0 1 0 1 0 0 0 0 1 1 1 1 1 1 0 0 0 0 1 1 1 0 1 0 1 0 0 1 0 0 1 0 0 0 0 0 1 0 1 1 0 1 1 0 1 1 0 0 1 1 1 0 1 0 0 1 1 1 0 0 0 0 1 0 1 1 0 1 0 0 1 1 0 0 1 0 0 1 0 1 1 1 0 1 0 1 0 1 0 0 0 0 0 1 1 1 0 1 1 1 1 1 1 0 0 1 0 1 0 1 0 0 0 0 1 0 0 0 0 1 1 1 

Input message (last byte aligned on LSB):
83 AF 34 27 9C CB 54 30 FE BE C0 7A 81 95 0D 30 F4 B6 6F 48 48 26 AF EE 74 56 F0 07 1A 51 E1 BB C5 55 70 B5 CC 7E C6 F9 30 9C 17 BF 5B EF DD 7C 6B A6 E9 68 CF 21 8A 2B 34 BD 5C F9 27 AB 84 6E 38 A4 0B BD 81 75 9E 9E 33 38 10 16 A7 55 F6 99 DF 35 D6 60 00 7B 5E AD F2 92 FE EF B7 35 20 7E BF 70 B5 BD 17 83 4F 7B FA 0E 16 CB 21 9A D4 AF 52 4A B1 EA 37 33 4A A6 64 35 E5 D3 97 FC 0A 06 5C 41 1E BB CE 32 C2 40 B9 04 76 D3 07 CE 80 2E C8 2C 1C 49 BC 1B EC 48 C0 67 5E C2 A6 C6 F3 ED 3E 5B 74 1D 13 43 70 95 70 7C 56 5E 10 D8 A2 0B 8C 20 46 8F F9 51 4F CF 31 B4 24 9C D8 2D CE E5 8C 0A 2A F5 38 B2 91 A8 7E 33 90 D7 37 19 1A 07 48 4A 5D 3F 3F B8 C8 F1 5C E0 56 E5 E5 F8 FE BE 5E 1F B5 9D 67 40 98 0A A0 6C A8 A0 C2 0F 57 12 B4 CD E5 D0 32 E9 2A B8 9F 0A E1 

Initial state:
00 00 00 00 00 00 00 00 00 00 00 00 00 00 00 00 00 00 00 00 00 00 00 00 00 00 00 00 00 00 00 00 00 00 00 00 00 00 00 00 00 00 00 00 00 00 00 00 00 00 00 00 00 00 00 00 00 00 00 00 00 00 00 00 00 00 00 00 00 00 00 00 00 00 00 00 00 00 00 00 00 00 00 00 00 00 00 00 00 00 00 00 00 00 00 00 00 00 00 00 00 00 00 00 00 00 00 00 00 00 00 00 00 00 00 00 00 00 00 00 00 00 00 00 00 00 00 00 00 00 00 00 00 00 00 00 00 00 00 00 00 00 00 00 00 00 00 00 00 00 00 00 00 00 00 00 00 00 00 00 00 00 00 00 00 00 00 00 00 00 00 00 00 00 00 00 00 00 00 00 00 00 00 00 00 00 00 00 00 00 00 00 00 00 00 00 00 00 00 00 

Data to be absorbed:
83 AF 34 27 9C CB 54 30 FE BE C0 7A 81 95 0D 30 F4 B6 6F 48 48 26 AF EE 74 56 F0 07 1A 51 E1 BB C5 55 70 B5 CC 7E C6 F9 30 9C 17 BF 5B EF DD 7C 6B A6 E9 68 CF 21 8A 2B 34 BD 5C F9 27 AB 84 6E 38 A4 0B BD 81 75 9E 9E 33 38 10 16 A7 55 F6 99 DF 35 D6 60 00 7B 5E AD F2 92 FE EF B7 35 20 7E BF 70 B5 BD 17 83 4F 7B FA 0E 16 CB 21 9A D4 AF 52 4A B1 EA 37 33 4A A6 64 35 E5 D3 97 FC 0A 06 5C 41 1E BB CE 32 C2 40 

Input of permutation:
83 AF 34 27 9C CB 54 30 FE BE C0 7A 81 95 0D 30 F4 B6 6F 48 48 26 AF EE 74 56 F0 07 1A 51 E1 BB C5 55 70 B5 CC 7E C6 F9 30 9C 17 BF 5B EF DD 7C 6B A6 E9 68 CF 21 8A 2B 34 BD 5C F9 27 AB 84 6E 38 A4 0B BD 81 75 9E 9E 33 38 10 16 A7 55 F6 99 DF 35 D6 60 00 7B 5E AD F2 92 FE EF B7 35 20 7E BF 70 B5 BD 17 83 4F 7B FA 0E 16 CB 21 9A D4 AF 52 4A B1 EA 37 33 4A A6 64 35 E5 D3 97 FC 0A 06 5C 41 1E BB CE 32 C2 40 00 00 00 00 00 00 00 00 00 00 00 00 00 00 00 00 00 00 00 00 00 00 00 00 00 00 00 00 00 00 00 00 00 00 00 00 00 00 00 00 00 00 00 00 00 00 00 00 00 00 00 00 00 00 00 00 00 00 00 00 00 00 00 00 

State after permutation:
B6 E7 B8 4A A8 95 25 F9 86 9C 1A 4F CB E3 2D 8A 07 2A 29 99 93 17 8C 97 DB 9D BD B4 75 C0 1F 47 AE 29 CC 5E 6C 37 C7 59 EB EE 7B 41 F7 A5 70 E0 2A 1A A9 AC 35 22 13 7D D3 D6 0C D0 8F 12 66 E8 CD E6 65 D3 09 13 D3 08 40 DD 1E F7 F6 73 9B 0F AC 67 CF 9B 59 43 14 A2 B0 93 5D 00 E6 D2 81 B4 88 5B 18 0F BF 12 8D 97 05 70 FF 81 A0 EF 46 55 13 A8 F9 18 5C 05 C1 F5 DC 3C 78 5B 03 29 62 86 AD 46 FE 94 CC 8B 2C C4 A7 F9 BC 9E 31 31 FD F6 04 77 00 98 6E F6 8B E3 A3 5D 09 0C 1E 62 DB 52 3A F2 6F C5 4D 20 91 CE 12 9B EE 88 31 28 22 E8 0E D7 BB AF 00 A9 6A 04 9F 6C E0 44 F3 47 1E FC 12 D8 0C 35 52 43 2E AE 

Data to be absorbed:
B9 04 76 D3 07 CE 80 2E C8 2C 1C 49 BC 1B EC 48 C0 67 5E C2 A6 C6 F3 ED 3E 5B 74 1D 13 43 70 95 70 7C 56 5E 10 D8 A2 0B 8C 20 46 8F F9 51 4F CF 31 B4 24 9C D8 2D CE E5 8C 0A 2A F5 38 B2 91 A8 7E 33 90 D7 37 19 1A 07 48 4A 5D 3F 3F B8 C8 F1 5C E0 56 E5 E5 F8 FE BE 5E 1F B5 9D 67 40 98 0A A0 6C A8 A0 C2 0F 57 12 B4 CD E5 D0 32 E9 2A B8 9F 0A E1 01 20 88 01 

Input of permutation:
0F E3 CE 99 AF 5B A5 D7 4E B0 06 06 77 F8 C1 C2 C7 4D 77 5B 35 D1 7F 7A E5 C6 C9 A9 66 83 6F D2 DE 55 9A 00 7C EF 65 52 67 CE 3D CE 0E F4 3F 2F 1B AE 8D 30 ED 0F DD 98 5F DC 26 25 B7 A0 F7 40 B3 D5 F5 04 3E 0A C9 0F 08 97 43 C8 C9 CB 53 FE F0 87 99 7E BC BB EA 1C EE 8C E8 9D 81 92 19 BE 28 37 B0 AF 7D 1D DA 85 B1 BD 1A 51 92 06 6C ED 8C A2 18 19 7C 8D C0 F5 DC 3C 78 5B 03 29 62 86 AD 46 FE 94 CC 8B 2C C4 A7 F9 BC 9E 31 31 FD F6 04 77 00 98 6E F6 8B E3 A3 5D 09 0C 1E 62 DB 52 3A F2 6F C5 4D 20 91 CE 12 9B EE 88 31 28 22 E8 0E D7 BB AF 00 A9 6A 04 9F 6C E0 44 F3 47 1E FC 12 D8 0C 35 52 43 2E AE 

State after permutation:
70 D0 5B CA 82 AA F0 B8 C0 0F CB B4 33 53 6F 76 94 12 95 B8 3F C5 98 75 2E B5 1C D3 A4 28 19 A6 B3 55 51 AC F9 FC 7B 94 DF 0F 87 13 1D 49 15 4A 08 21 D9 4A D6 46 A7 55 3E B2 21 3A 0D CE 87 5F C5 7A 8C 5C 61 7C FF 35 39 A3 60 BF AF 2F EC B7 F7 F4 9D EC 4C 0E C0 CA 59 9C E9 54 68 27 2D 87 50 B6 06 FC 85 19 87 C1 01 1E 55 91 73 3A 4E E7 9B 57 C3 0B E5 04 31 B4 D9 31 B9 78 AD A2 DE B3 A1 C0 EA 9C 41 D6 3C 8F FB 34 6B FE 5A EF A8 96 64 ED 4C AC DE 3D 9A 37 58 FC 93 EE 86 AA 6B C0 28 01 E7 93 29 57 E8 7E 67 67 3A E9 EA CB FA 85 1B 33 B2 0E 77 2C 52 4D F6 D0 DF BC 3A 8D 56 42 8B 4C E9 F9 8B 0C 77 AE 

