+++ Example with a small message +++

This is the message of length 29 from ShortMsgKAT.txt.

Input message (last byte aligned on MSB):
53 58 7B C8 

Input message (in bits):
0 1 0 1 0 0 1 1 0 1 0 1 1 0 0 0 0 1 1 1 1 0 1 1 1 1 0 0 1 

Input message (in bits, after the formal bit reordering):
1 1 0 0 1 0 1 0 0 0 0 1 1 0 1 0 1 1 0 1 1 1 1 0 1 0 0 1 1 

Input message (last byte aligned on LSB):
53 58 7B 19 

Initial state:
00 00 00 00 00 00 00 00 00 00 00 00 00 00 00 00 00 00 00 00 00 00 00 00 00 00 00 00 00 00 00 00 00 00 00 00 00 00 00 00 00 00 00 00 00 00 00 00 00 00 00 00 00 00 00 00 00 00 00 00 00 00 00 00 00 00 00 00 00 00 00 00 00 00 00 00 00 00 00 00 00 00 00 00 00 00 00 00 00 00 00 00 00 00 00 00 00 00 00 00 00 00 00 00 00 00 00 00 00 00 00 00 00 00 00 00 00 00 00 00 00 00 00 00 00 00 00 00 00 00 00 00 00 00 00 00 00 00 00 00 00 00 00 00 00 00 00 00 00 00 00 00 00 00 00 00 00 00 00 00 00 00 00 00 00 00 00 00 00 00 00 00 00 00 00 00 00 00 00 00 00 00 00 00 00 00 00 00 00 00 00 00 00 00 00 00 00 00 00 00 

Data to be absorbed:
53 58 7B 39 40 48 01 

Input of permutation:
53 58 7B 39 40 48 01 00 00 00 00 00 00 00 00 00 00 00 00 00 00 00 00 00 00 00 00 00 00 00 00 00 00 00 00 00 00 00 00 00 00 00 00 00 00 00 00 00 00 00 00 00 00 00 00 00 00 00 00 00 00 00 00 00 00 00 00 00 00 00 00 00 00 00 00 00 00 00 00 00 00 00 00 00 00 00 00 00 00 00 00 00 00 00 00 00 00 00 00 00 00 00 00 00 00 00 00 00 00 00 00 00 00 00 00 00 00 00 00 00 00 00 00 00 00 00 00 00 00 00 00 00 00 00 00 00 00 00 00 00 00 00 00 00 00 00 00 00 00 00 00 00 00 00 00 00 00 00 00 00 00 00 00 00 00 00 00 00 00 00 00 00 00 00 00 00 00 00 00 00 00 00 00 00 00 00 00 00 00 00 00 00 00 00 00 00 00 00 00 00 

State after permutation:
83 16 1B B5 B6 5C EE A9 E9 5C 30 41 22 03 0B 0F 13 F3 D4 8E 83 EE 0D 93 83 46 E7 0E 96 E4 A0 B4 03 56 08 35 93 C8 42 48 46 FA 72 2C 99 48 F1 53 9A 30 8D 2F 4A D4 39 15 52 D2 EE E4 60 76 F9 AB 75 5A 76 49 1B BC 20 4B 15 90 CD 1F 55 57 F4 49 08 9C 4D 95 79 F2 C5 38 39 00 7E 30 C7 D8 B7 55 4E B8 BF C5 DC 8A 32 36 E4 D7 42 BE 4E E9 81 72 C6 E8 03 79 6C 5A EE FD 50 AF B8 23 EB 0B 87 76 10 9C D2 CC 90 08 BB 5B 9C 20 AD 1D 77 26 B2 4C C9 9A 3E DE 1A D9 32 9F AE 9F AC 56 43 79 5E 48 1C B3 A1 F6 79 D9 23 ED 82 20 3E AA 05 0A 87 91 6E D2 FE 54 78 05 E4 4B AA B6 B9 2E 9D 31 4B 7A 4D 2F 86 2F C2 40 9D E6 

+++ Example with a larger message +++

This is the message of length 2008 from ShortMsgKAT.txt.

Input message (last byte aligned on MSB):
83 AF 34 27 9C CB 54 30 FE BE C0 7A 81 95 0D 30 F4 B6 6F 48 48 26 AF EE 74 56 F0 07 1A 51 E1 BB C5 55 70 B5 CC 7E C6 F9 30 9C 17 BF 5B EF DD 7C 6B A6 E9 68 CF 21 8A 2B 34 BD 5C F9 27 AB 84 6E 38 A4 0B BD 81 75 9E 9E 33 38 10 16 A7 55 F6 99 DF 35 D6 60 00 7B 5E AD F2 92 FE EF B7 35 20 7E BF 70 B5 BD 17 83 4F 7B FA 0E 16 CB 21 9A D4 AF 52 4A B1 EA 37 33 4A A6 64 35 E5 D3 97 FC 0A 06 5C 41 1E BB CE 32 C2 40 B9 04 76 D3 07 CE 80 2E C8 2C 1C 49 BC 1B EC 48 C0 67 5E C2 A6 C6 F3 ED 3E 5B 74 1D 13 43 70 95 70 7C 56 5E 10 D8 A2 0B 8C 20 46 8F F9 51 4F CF 31 B4 24 9C D8 2D CE E5 8C 0A 2A F5 38 B2 91 A8 7E 33 90 D7 37 19 1A 07 48 4A 5D 3F 3F B8 C8 F1 5C E0 56 E5 E5 F8 FE BE 5E 1F B5 9D 67 40 98 0A A0 6C A8 A0 C2 0F 57 12 B4 CD E5 D0 32 E9 2A B8 9F 0A E1 

Input message (in bits):
1 0 0 0 0 0 1 1 1 0 1 0 1 1 1 1 0 0 1 1 0 1 0 0 0 0 1 0 0 1 1 1 1 0 0 1 1 1 0 0 1 1 0 0 1 0 1 1 0 1 0 1 0 1 0 0 0 0 1 1 0 0 0 0 1 1 1 1 1 1 1 0 1 0 1 1 1 1 1 0 1 1 0 0 0 0 0 0 0 1 1 1 1 0 1 0 1 0 0 0 0 0 0 1 1 0 0 1 0 1 0 1 0 0 0 0 1 1 0 1 0 0 1 1 0 0 0 0 1 1 1 1 0 1 0 0 1 0 1 1 0 1 1 0 0 1 1 0 1 1 1 1 0 1 0 0 1 0 0 0 0 1 0 0 1 0 0 0 0 0 1 0 0 1 1 0 1 0 1 0 1 1 1 1 1 1 1 0 1 1 1 0 0 1 1 1 0 1 0 0 0 1 0 1 0 1 1 0 1 1 1 1 0 0 0 0 0 0 0 0 0 1 1 1 0 0 0 1 1 0 1 0 0 1 0 1 0 0 0 1 1 1 1 0 0 0 0 1 1 0 1 1 1 0 1 1 1 1 0 0 0 1 0 1 0 1 0 1 0 1 0 1 0 1 1 1 0 0 0 0 1 0 1 1 0 1 0 1 1 1 0 0 1 1 0 0 0 1 1 1 1 1 1 0 1 1 0 0 0 1 1 0 1 1 1 1 1 0 0 1 0 0 1 1 0 0 0 0 1 0 0 1 1 1 0 0 0 0 0 1 0 1 1 1 1 0 1 1 1 1 1 1 0 1 0 1 1 0 1 1 1 1 1 0 1 1 1 1 1 1 0 1 1 1 0 1 0 1 1 1 1 1 0 0 0 1 1 0 1 0 1 1 1 0 1 0 0 1 1 0 1 1 1 0 1 0 0 1 0 1 1 0 1 0 0 0 1 1 0 0 1 1 1 1 0 0 1 0 0 0 0 1 1 0 0 0 1 0 1 0 0 0 1 0 1 0 1 1 0 0 1 1 0 1 0 0 1 0 1 1 1 1 0 1 0 1 0 1 1 1 0 0 1 1 1 1 1 0 0 1 0 0 1 0 0 1 1 1 1 0 1 0 1 0 1 1 1 0 0 0 0 1 0 0 0 1 1 0 1 1 1 0 0 0 1 1 1 0 0 0 1 0 1 0 0 1 0 0 0 0 0 0 1 0 1 1 1 0 1 1 1 1 0 1 1 0 0 0 0 0 0 1 0 1 1 1 0 1 0 1 1 0 0 1 1 1 1 0 1 0 0 1 1 1 1 0 0 0 1 1 0 0 1 1 0 0 1 1 1 0 0 0 0 0 0 1 0 0 0 0 0 0 0 1 0 1 1 0 1 0 1 0 0 1 1 1 0 1 0 1 0 1 0 1 1 1 1 1 0 1 1 0 1 0 0 1 1 0 0 1 1 1 0 1 1 1 1 1 0 0 1 1 0 1 0 1 1 1 0 1 0 1 1 0 0 1 1 0 0 0 0 0 0 0 0 0 0 0 0 0 0 1 1 1 1 0 1 1 0 1 0 1 1 1 1 0 1 0 1 0 1 1 0 1 1 1 1 1 0 0 1 0 1 0 0 1 0 0 1 0 1 1 1 1 1 1 1 0 1 1 1 0 1 1 1 1 1 0 1 1 0 1 1 1 0 0 1 1 0 1 0 1 0 0 1 0 0 0 0 0 0 1 1 1 1 1 1 0 1 0 1 1 1 1 1 1 0 1 1 1 0 0 0 0 1 0 1 1 0 1 0 1 1 0 1 1 1 1 0 1 0 0 0 1 0 1 1 1 1 0 0 0 0 0 1 1 0 1 0 0 1 1 1 1 0 1 1 1 1 0 1 1 1 1 1 1 1 0 1 0 0 0 0 0 1 1 1 0 0 0 0 1 0 1 1 0 1 1 0 0 1 0 1 1 0 0 1 0 0 0 0 1 1 0 0 1 1 0 1 0 1 1 0 1 0 1 0 0 1 0 1 0 1 1 1 1 0 1 0 1 0 0 1 0 0 1 0 0 1 0 1 0 1 0 1 1 0 0 0 1 1 1 1 0 1 0 1 0 0 0 1 1 0 1 1 1 0 0 1 1 0 0 1 1 0 1 0 0 1 0 1 0 1 0 1 0 0 1 1 0 0 1 1 0 0 1 0 0 0 0 1 1 0 1 0 1 1 1 1 0 0 1 0 1 1 1 0 1 0 0 1 1 1 0 0 1 0 1 1 1 1 1 1 1 1 1 0 0 0 0 0 0 1 0 1 0 0 0 0 0 0 1 1 0 0 1 0 1 1 1 0 0 0 1 0 0 0 0 0 1 0 0 0 1 1 1 1 0 1 0 1 1 1 0 1 1 1 1 0 0 1 1 1 0 0 0 1 1 0 0 1 0 1 1 0 0 0 0 1 0 0 1 0 0 0 0 0 0 1 0 1 1 1 0 0 1 0 0 0 0 0 1 0 0 0 1 1 1 0 1 1 0 1 1 0 1 0 0 1 1 0 0 0 0 0 1 1 1 1 1 0 0 1 1 1 0 1 0 0 0 0 0 0 0 0 0 1 0 1 1 1 0 1 1 0 0 1 0 0 0 0 0 1 0 1 1 0 0 0 0 0 1 1 1 0 0 0 1 0 0 1 0 0 1 1 0 1 1 1 1 0 0 0 0 0 1 1 0 1 1 1 1 1 0 1 1 0 0 0 1 0 0 1 0 0 0 1 1 0 0 0 0 0 0 0 1 1 0 0 1 1 1 0 1 0 1 1 1 1 0 1 1 0 0 0 0 1 0 1 0 1 0 0 1 1 0 1 1 0 0 0 1 1 0 1 1 1 1 0 0 1 1 1 1 1 0 1 1 0 1 0 0 1 1 1 1 1 0 0 1 0 1 1 0 1 1 0 1 1 1 0 1 0 0 0 0 0 1 1 1 0 1 0 0 0 1 0 0 1 1 0 1 0 0 0 0 1 1 0 1 1 1 0 0 0 0 1 0 0 1 0 1 0 1 0 1 1 1 0 0 0 0 0 1 1 1 1 1 0 0 0 1 0 1 0 1 1 0 0 1 0 1 1 1 1 0 0 0 0 1 0 0 0 0 1 1 0 1 1 0 0 0 1 0 1 0 0 0 1 0 0 0 0 0 1 0 1 1 1 0 0 0 1 1 0 0 0 0 1 0 0 0 0 0 0 1 0 0 0 1 1 0 1 0 0 0 1 1 1 1 1 1 1 1 1 0 0 1 0 1 0 1 0 0 0 1 0 1 0 0 1 1 1 1 1 1 0 0 1 1 1 1 0 0 1 1 0 0 0 1 1 0 1 1 0 1 0 0 0 0 1 0 0 1 0 0 1 0 0 1 1 1 0 0 1 1 0 1 1 0 0 0 0 0 1 0 1 1 0 1 1 1 0 0 1 1 1 0 1 1 1 0 0 1 0 1 1 0 0 0 1 1 0 0 0 0 0 0 1 0 1 0 0 0 1 0 1 0 1 0 1 1 1 1 0 1 0 1 0 0 1 1 1 0 0 0 1 0 1 1 0 0 1 0 1 0 0 1 0 0 0 1 1 0 1 0 1 0 0 0 0 1 1 1 1 1 1 0 0 0 1 1 0 0 1 1 1 0 0 1 0 0 0 0 1 1 0 1 0 1 1 1 0 0 1 1 0 1 1 1 0 0 0 1 1 0 0 1 0 0 0 1 1 0 1 0 0 0 0 0 0 1 1 1 0 1 0 0 1 0 0 0 0 1 0 0 1 0 1 0 0 1 0 1 1 1 0 1 0 0 1 1 1 1 1 1 0 0 1 1 1 1 1 1 1 0 1 1 1 0 0 0 1 1 0 0 1 0 0 0 1 1 1 1 0 0 0 1 0 1 0 1 1 1 0 0 1 1 1 0 0 0 0 0 0 1 0 1 0 1 1 0 1 1 1 0 0 1 0 1 1 1 1 0 0 1 0 1 1 1 1 1 1 0 0 0 1 1 1 1 1 1 1 0 1 0 1 1 1 1 1 0 0 1 0 1 1 1 1 0 0 0 0 1 1 1 1 1 1 0 1 1 0 1 0 1 1 0 0 1 1 1 0 1 0 1 1 0 0 1 1 1 0 1 0 0 0 0 0 0 1 0 0 1 1 0 0 0 0 0 0 0 1 0 1 0 1 0 1 0 0 0 0 0 0 1 1 0 1 1 0 0 1 0 1 0 1 0 0 0 1 0 1 0 0 0 0 0 1 1 0 0 0 0 1 0 0 0 0 0 1 1 1 1 0 1 0 1 0 1 1 1 0 0 0 1 0 0 1 0 1 0 1 1 0 1 0 0 1 1 0 0 1 1 0 1 1 1 1 0 0 1 0 1 1 1 0 1 0 0 0 0 0 0 1 1 0 0 1 0 1 1 1 0 1 0 0 1 0 0 1 0 1 0 1 0 1 0 1 1 1 0 0 0 1 0 0 1 1 1 1 1 0 0 0 0 1 0 1 0 1 1 1 0 0 0 0 1 

Input message (in bits, after the formal bit reordering):
1 1 0 0 0 0 0 1 1 1 1 1 0 1 0 1 0 0 1 0 1 1 0 0 1 1 1 0 0 1 0 0 0 0 1 1 1 0 0 1 1 1 0 1 0 0 1 1 0 0 1 0 1 0 1 0 0 0 0 0 1 1 0 0 0 1 1 1 1 1 1 1 0 1 1 1 1 1 0 1 0 0 0 0 0 0 1 1 0 1 0 1 1 1 1 0 1 0 0 0 0 0 0 1 1 0 1 0 1 0 0 1 1 0 1 1 0 0 0 0 0 0 0 0 1 1 0 0 0 0 1 0 1 1 1 1 0 1 1 0 1 1 0 1 1 1 1 1 0 1 1 0 0 0 0 1 0 0 1 0 0 0 0 1 0 0 1 0 0 1 1 0 0 1 0 0 1 1 1 1 0 1 0 1 0 1 1 1 0 1 1 1 0 0 1 0 1 1 1 0 0 1 1 0 1 0 1 0 0 0 0 0 1 1 1 1 1 1 1 0 0 0 0 0 0 1 0 1 1 0 0 0 1 0 0 0 1 0 1 0 1 0 0 0 0 1 1 1 1 1 0 1 1 1 0 1 1 0 1 0 0 0 1 1 1 0 1 0 1 0 1 0 0 0 0 0 1 1 1 0 1 0 1 0 1 1 0 1 0 0 1 1 0 0 1 1 0 1 1 1 1 1 1 0 0 1 1 0 0 0 1 1 1 0 0 1 1 1 1 1 0 0 0 0 1 1 0 0 0 0 1 1 1 0 0 1 1 1 1 0 1 0 0 0 1 1 1 1 1 1 0 1 1 1 0 1 1 0 1 0 1 1 1 1 0 1 1 1 1 0 1 1 1 0 1 1 0 0 1 1 1 1 1 0 1 1 0 1 0 1 1 0 0 1 1 0 0 1 0 1 1 0 0 1 0 1 1 1 0 0 0 1 0 1 1 0 1 1 1 1 0 0 1 1 1 0 0 0 0 1 0 0 0 1 0 1 0 0 0 1 1 1 0 1 0 1 0 0 0 0 1 0 1 1 0 0 1 0 1 1 1 1 0 1 0 0 1 1 1 0 1 0 1 0 0 1 1 1 1 1 1 1 1 0 0 1 0 0 1 1 0 1 0 1 0 1 0 0 1 0 0 0 0 1 0 1 1 1 0 1 1 0 0 0 0 1 1 1 0 0 0 0 1 0 0 1 0 1 1 1 0 1 0 0 0 0 1 0 1 1 1 1 0 1 1 0 0 0 0 0 0 1 1 0 1 0 1 1 1 0 0 1 1 1 1 0 0 1 0 1 1 1 1 0 0 1 1 1 0 0 1 1 0 0 0 0 0 1 1 1 0 0 0 0 0 0 1 0 0 0 0 1 1 0 1 0 0 0 1 1 1 0 0 1 0 1 1 0 1 0 1 0 1 0 0 1 1 0 1 1 1 1 1 0 0 1 1 0 0 1 1 1 1 1 1 0 1 1 1 0 1 0 1 1 0 0 0 1 1 0 1 0 1 1 0 0 0 0 0 1 1 0 0 0 0 0 0 0 0 0 1 1 0 1 1 1 1 0 0 1 1 1 1 0 1 0 1 0 1 1 0 1 0 1 0 1 0 0 1 1 1 1 0 1 0 0 1 0 0 1 0 1 1 1 1 1 1 1 1 1 1 1 0 1 1 1 1 1 1 0 1 1 0 1 1 0 1 0 1 1 0 0 0 0 0 0 0 1 0 0 0 1 1 1 1 1 1 0 1 1 1 1 1 1 0 1 0 0 0 0 1 1 1 0 1 0 1 0 1 1 0 1 1 0 1 1 1 1 0 1 1 1 1 0 1 0 0 0 1 1 0 0 0 0 0 1 1 1 1 1 0 0 1 0 1 1 0 1 1 1 1 0 0 1 0 1 1 1 1 1 0 1 1 1 0 0 0 0 0 1 1 0 1 0 0 0 1 1 0 1 0 0 1 1 1 0 0 0 0 1 0 0 0 1 0 1 1 0 0 1 0 0 1 0 1 0 1 1 1 1 1 1 0 1 0 1 0 1 0 0 1 0 1 0 0 1 0 1 0 0 1 0 1 0 0 0 1 1 0 1 0 1 0 1 0 1 1 1 1 1 1 0 1 1 0 0 1 1 0 0 1 1 0 0 0 1 0 1 0 0 1 0 0 1 1 0 0 1 0 1 0 0 1 0 0 1 1 0 1 0 1 0 1 1 0 0 1 0 1 0 0 1 1 1 1 1 0 0 1 0 1 1 1 1 1 0 1 0 0 1 0 0 1 1 1 1 1 1 0 1 0 1 0 0 0 0 0 1 1 0 0 0 0 0 0 0 1 1 1 0 1 0 1 0 0 0 0 0 1 0 0 1 1 1 1 0 0 0 1 1 0 1 1 1 0 1 0 1 1 1 0 0 1 1 0 1 0 0 1 1 0 0 0 1 0 0 0 0 1 1 0 0 0 0 0 0 1 0 1 0 0 1 1 1 0 1 0 0 1 0 0 0 0 0 0 1 1 0 1 1 1 0 1 1 0 0 1 0 1 1 1 1 1 0 0 0 0 0 0 1 1 1 0 0 1 1 0 0 0 0 0 0 0 1 0 1 1 1 0 1 0 0 0 0 0 1 0 0 1 1 0 0 1 1 0 1 0 0 0 0 1 1 1 0 0 0 1 0 0 1 0 0 1 0 0 0 1 1 1 1 0 1 1 1 0 1 1 0 0 0 0 0 1 1 0 1 1 1 0 0 0 1 0 0 1 0 0 0 0 0 0 0 1 1 1 1 1 0 0 1 1 0 0 1 1 1 1 0 1 0 0 1 0 0 0 0 1 1 0 1 1 0 0 1 0 1 0 1 1 0 0 0 1 1 1 1 0 0 1 1 1 1 1 0 1 1 0 1 1 1 0 1 1 1 1 1 0 0 1 1 0 1 1 0 1 0 0 0 1 0 1 1 1 0 1 0 1 1 1 0 0 0 1 1 0 0 1 0 0 0 1 1 0 0 0 0 1 0 0 0 0 0 1 1 1 0 1 0 1 0 1 0 0 1 0 0 0 0 1 1 1 0 0 0 1 1 1 1 1 0 0 1 1 0 1 0 1 0 0 1 1 1 1 0 1 0 0 0 0 0 1 0 0 0 0 0 0 1 1 0 1 1 0 1 0 0 0 1 0 1 1 1 0 1 0 0 0 0 0 0 1 1 0 0 0 1 0 0 0 0 0 1 0 0 0 1 1 0 0 0 1 0 1 1 1 1 0 0 0 1 1 0 0 1 1 1 1 1 1 0 0 0 1 0 1 0 1 1 1 1 0 0 1 0 1 1 1 1 0 0 1 1 1 0 0 0 1 1 0 0 0 0 1 0 1 1 0 1 0 0 1 0 0 1 0 0 0 0 1 1 1 0 0 1 0 0 0 1 1 0 1 1 1 0 1 1 0 1 0 0 0 1 1 1 0 0 1 1 1 0 1 0 0 1 1 1 0 0 1 1 0 0 0 1 0 1 0 1 0 0 0 0 0 1 0 1 0 1 0 0 1 0 1 0 1 1 1 1 0 0 0 1 1 1 0 0 0 1 0 0 1 1 0 1 1 0 0 0 1 0 0 1 0 0 0 1 0 1 0 1 0 1 1 1 1 1 1 0 1 1 0 0 1 1 0 0 0 0 0 0 1 0 0 1 1 1 1 0 1 0 1 1 1 1 1 0 1 1 0 0 1 0 0 1 1 0 0 0 0 1 0 1 1 0 0 0 1 1 1 0 0 0 0 0 0 0 0 1 0 0 1 0 0 1 0 1 0 0 1 0 1 0 1 1 1 0 1 0 1 1 1 1 1 1 0 0 1 1 1 1 1 1 0 0 0 0 0 1 1 1 0 1 0 0 0 1 0 0 1 1 1 0 0 0 1 1 1 1 0 0 1 1 1 0 1 0 0 0 0 0 0 1 1 1 0 1 1 0 1 0 1 0 1 0 1 0 0 1 1 1 1 0 1 0 0 1 1 1 0 0 0 1 1 1 1 1 0 1 1 1 1 1 1 1 0 1 1 1 1 1 0 1 0 1 1 1 1 0 1 0 1 1 1 1 1 0 0 0 1 0 1 0 1 1 0 1 1 0 1 1 1 0 0 1 1 1 1 0 0 1 1 0 0 0 0 0 0 0 1 0 0 0 0 1 1 0 0 1 0 1 0 1 0 0 0 0 0 0 0 0 0 1 0 1 0 0 1 1 0 1 1 0 0 0 0 1 0 1 0 1 0 0 0 0 0 1 0 1 0 1 0 0 0 0 1 1 1 1 1 1 0 0 0 0 1 1 1 0 1 0 1 0 0 1 0 0 1 0 0 0 0 0 1 0 1 1 0 1 1 0 1 1 0 0 1 1 1 0 1 0 0 1 1 1 0 0 0 0 1 0 1 1 0 1 0 0 1 1 0 0 1 0 0 1 0 1 1 1 0 1 0 1 0 1 0 0 0 0 0 1 1 1 0 1 1 1 1 1 1 0 0 1 0 1 0 1 0 0 0 0 1 0 0 0 0 1 1 1 

Input message (last byte aligned on LSB):
83 AF 34 27 9C CB 54 30 FE BE C0 7A 81 95 0D 30 F4 B6 6F 48 48 26 AF EE 74 56 F0 07 1A 51 E1 BB C5 55 70 B5 CC 7E C6 F9 30 9C 17 BF 5B EF DD 7C 6B A6 E9 68 CF 21 8A 2B 34 BD 5C F9 27 AB 84 6E 38 A4 0B BD 81 75 9E 9E 33 38 10 16 A7 55 F6 99 DF 35 D6 60 00 7B 5E AD F2 92 FE EF B7 35 20 7E BF 70 B5 BD 17 83 4F 7B FA 0E 16 CB 21 9A D4 AF 52 4A B1 EA 37 33 4A A6 64 35 E5 D3 97 FC 0A 06 5C 41 1E BB CE 32 C2 40 B9 04 76 D3 07 CE 80 2E C8 2C 1C 49 BC 1B EC 48 C0 67 5E C2 A6 C6 F3 ED 3E 5B 74 1D 13 43 70 95 70 7C 56 5E 10 D8 A2 0B 8C 20 46 8F F9 51 4F CF 31 B4 24 9C D8 2D CE E5 8C 0A 2A F5 38 B2 91 A8 7E 33 90 D7 37 19 1A 07 48 4A 5D 3F 3F B8 C8 F1 5C E0 56 E5 E5 F8 FE BE 5E 1F B5 9D 67 40 98 0A A0 6C A8 A0 C2 0F 57 12 B4 CD E5 D0 32 E9 2A B8 9F 0A E1 

Initial state:
00 00 00 00 00 00 00 00 00 00 00 00 00 00 00 00 00 00 00 00 00 00 00 00 00 00 00 00 00 00 00 00 00 00 00 00 00 00 00 00 00 00 00 00 00 00 00 00 00 00 00 00 00 00 00 00 00 00 00 00 00 00 00 00 00 00 00 00 00 00 00 00 00 00 00 00 00 00 00 00 00 00 00 00 00 00 00 00 00 00 00 00 00 00 00 00 00 00 00 00 00 00 00 00 00 00 00 00 00 00 00 00 00 00 00 00 00 00 00 00 00 00 00 00 00 00 00 00 00 00 00 00 00 00 00 00 00 00 00 00 00 00 00 00 00 00 00 00 00 00 00 00 00 00 00 00 00 00 00 00 00 00 00 00 00 00 00 00 00 00 00 00 00 00 00 00 00 00 00 00 00 00 00 00 00 00 00 00 00 00 00 00 00 00 00 00 00 00 00 00 

Data to be absorbed:
83 AF 34 27 9C CB 54 30 FE BE C0 7A 81 95 0D 30 F4 B6 6F 48 48 26 AF EE 74 56 F0 07 1A 51 E1 BB C5 55 70 B5 CC 7E C6 F9 30 9C 17 BF 5B EF DD 7C 6B A6 E9 68 CF 21 8A 2B 34 BD 5C F9 27 AB 84 6E 38 A4 0B BD 81 75 9E 9E 

Input of permutation:
83 AF 34 27 9C CB 54 30 FE BE C0 7A 81 95 0D 30 F4 B6 6F 48 48 26 AF EE 74 56 F0 07 1A 51 E1 BB C5 55 70 B5 CC 7E C6 F9 30 9C 17 BF 5B EF DD 7C 6B A6 E9 68 CF 21 8A 2B 34 BD 5C F9 27 AB 84 6E 38 A4 0B BD 81 75 9E 9E 00 00 00 00 00 00 00 00 00 00 00 00 00 00 00 00 00 00 00 00 00 00 00 00 00 00 00 00 00 00 00 00 00 00 00 00 00 00 00 00 00 00 00 00 00 00 00 00 00 00 00 00 00 00 00 00 00 00 00 00 00 00 00 00 00 00 00 00 00 00 00 00 00 00 00 00 00 00 00 00 00 00 00 00 00 00 00 00 00 00 00 00 00 00 00 00 00 00 00 00 00 00 00 00 00 00 00 00 00 00 00 00 00 00 00 00 00 00 00 00 00 00 00 00 00 00 00 00 

State after permutation:
F5 9F 43 54 27 DF F3 1D 75 1A 49 1C 5E FE F8 EE 2F 6B 6B 29 55 B1 88 BF 3D 45 E1 B4 FC 5A 9E 3A C3 4B CE BF B2 D6 E4 DC 1E B0 D8 5D 4D DF AF CB B7 71 34 2D CD C7 93 73 1F 90 E9 CD 38 A4 B7 20 BF 78 B4 02 DA 1E 67 D1 FD E3 4B 3C 88 FF D4 29 8B 05 84 59 48 B3 CE 75 DD E3 7F 04 99 0C A2 E7 77 1E 31 7F 5A E0 23 A2 1E 6F 95 46 41 5D 3A EF 4B 17 57 85 AE BF 41 F4 F5 0D C4 68 4D 7F E7 28 92 67 ED 5B 5E 84 E6 BE 84 41 DF E1 C7 F4 40 D6 27 DC D7 B7 3F B7 76 D8 07 12 12 9D 1F F5 8C 75 18 E6 5D 1F 6B AF 3C 7C A5 5D 62 BC 0E 13 B0 83 7B 6D 47 FB D7 4C AF 29 20 B5 E8 C1 8D 68 D1 C8 14 DD D1 9B 27 85 D9 16 

Data to be absorbed:
33 38 10 16 A7 55 F6 99 DF 35 D6 60 00 7B 5E AD F2 92 FE EF B7 35 20 7E BF 70 B5 BD 17 83 4F 7B FA 0E 16 CB 21 9A D4 AF 52 4A B1 EA 37 33 4A A6 64 35 E5 D3 97 FC 0A 06 5C 41 1E BB CE 32 C2 40 B9 04 76 D3 07 CE 80 2E 

Input of permutation:
C6 A7 53 42 80 8A 05 84 AA 2F 9F 7C 5E 85 A6 43 DD F9 95 C6 E2 84 A8 C1 82 35 54 09 EB D9 D1 41 39 45 D8 74 93 4C 30 73 4C FA 69 B7 7A EC E5 6D D3 44 D1 FE 5A 3B 99 75 43 D1 F7 76 F6 96 75 60 06 7C C2 D1 DD D0 E7 FF FD E3 4B 3C 88 FF D4 29 8B 05 84 59 48 B3 CE 75 DD E3 7F 04 99 0C A2 E7 77 1E 31 7F 5A E0 23 A2 1E 6F 95 46 41 5D 3A EF 4B 17 57 85 AE BF 41 F4 F5 0D C4 68 4D 7F E7 28 92 67 ED 5B 5E 84 E6 BE 84 41 DF E1 C7 F4 40 D6 27 DC D7 B7 3F B7 76 D8 07 12 12 9D 1F F5 8C 75 18 E6 5D 1F 6B AF 3C 7C A5 5D 62 BC 0E 13 B0 83 7B 6D 47 FB D7 4C AF 29 20 B5 E8 C1 8D 68 D1 C8 14 DD D1 9B 27 85 D9 16 

State after permutation:
A2 94 4E 41 1F 3A 12 23 2F 15 F0 CA 6E 82 84 0E 1D 76 16 AE 04 C8 B3 FF A6 28 11 C1 F0 20 4F 12 90 A8 06 06 13 8A 3F 5B 34 87 E6 72 E6 D9 A1 6A 57 7E 60 45 E4 41 48 70 F6 3A 9E 3C D7 B2 E4 4F C0 34 75 5B 9B A6 6E 52 EC 48 97 04 3D 4F A5 C5 9F F5 31 52 F5 78 FB 07 AE C9 36 E7 12 95 62 A6 5F 89 35 9D 85 EC 46 10 CB 7C F6 42 06 38 07 1C D0 74 E7 0B C1 E9 C0 93 70 5F D4 21 0F 77 14 25 87 16 34 98 03 30 00 C3 3A 29 27 C1 50 E4 32 53 CA CB C7 C5 7C 75 D0 3B F0 69 6A DE 42 7B E2 90 25 9B 96 15 4A BA 2C A5 41 36 98 36 A2 E4 50 04 AA 42 D3 A8 9D 12 6E 40 D0 25 6F 6E A8 C5 2D A2 28 3C 4C 38 C2 3E 93 5B 

Data to be absorbed:
C8 2C 1C 49 BC 1B EC 48 C0 67 5E C2 A6 C6 F3 ED 3E 5B 74 1D 13 43 70 95 70 7C 56 5E 10 D8 A2 0B 8C 20 46 8F F9 51 4F CF 31 B4 24 9C D8 2D CE E5 8C 0A 2A F5 38 B2 91 A8 7E 33 90 D7 37 19 1A 07 48 4A 5D 3F 3F B8 C8 F1 

Input of permutation:
6A B8 52 08 A3 21 FE 6B EF 72 AE 08 C8 44 77 E3 23 2D 62 B3 17 8B C3 6A D6 54 47 9F E0 F8 ED 19 1C 88 40 89 EA DB 70 94 05 33 C2 EE 3E F4 6F 8F DB 74 4A B0 DC F3 D9 D8 88 09 0E EB E0 AB FE 48 88 7E 28 64 A4 1E A6 A3 EC 48 97 04 3D 4F A5 C5 9F F5 31 52 F5 78 FB 07 AE C9 36 E7 12 95 62 A6 5F 89 35 9D 85 EC 46 10 CB 7C F6 42 06 38 07 1C D0 74 E7 0B C1 E9 C0 93 70 5F D4 21 0F 77 14 25 87 16 34 98 03 30 00 C3 3A 29 27 C1 50 E4 32 53 CA CB C7 C5 7C 75 D0 3B F0 69 6A DE 42 7B E2 90 25 9B 96 15 4A BA 2C A5 41 36 98 36 A2 E4 50 04 AA 42 D3 A8 9D 12 6E 40 D0 25 6F 6E A8 C5 2D A2 28 3C 4C 38 C2 3E 93 5B 

State after permutation:
1C 94 67 AB 84 B0 1C 5A 14 D6 71 C1 BB AD BE F5 E1 5D 33 E4 E4 86 14 AA BD 45 C9 6D A5 E2 8E 59 54 E7 EF 75 AD BA 98 50 79 41 E7 6B 9C A2 09 47 B0 49 C5 8F 6A F4 6E F7 51 DA 73 99 92 40 39 6E 31 09 43 BC 29 06 20 2D BB 5E CE E2 4F 7C F7 84 87 70 B7 FF 33 B6 07 89 CB D3 68 84 2B 02 12 45 58 43 E9 66 25 76 FE 28 2D 2F 8B 7E BB 0C 4E 58 7B 78 B5 70 DB 45 F3 02 8E 58 07 34 5C BF AA EE 11 38 5A 52 70 B1 6C 64 BD B0 42 A0 9B 44 68 BB 8F 74 52 A1 62 21 8F 13 D0 A5 89 81 FD E3 65 A2 BA 62 39 0E 16 19 47 6B 9F 0B 13 F4 12 F7 86 D5 3E 9F 3D 73 5D 35 4B AE 95 DD 55 F8 58 66 DC 62 D0 E6 CF E0 AD 66 7D C5 

Data to be absorbed:
5C E0 56 E5 E5 F8 FE BE 5E 1F B5 9D 67 40 98 0A A0 6C A8 A0 C2 0F 57 12 B4 CD E5 D0 32 E9 2A B8 9F 0A E1 01 40 48 01 

Input of permutation:
40 74 31 4E 61 48 E2 E4 4A C9 C4 5C DC ED 26 FF 41 31 9B 44 26 89 43 B8 09 88 2C BD 97 0B A4 E1 CB ED 0E 74 ED F2 99 50 79 41 E7 6B 9C A2 09 47 B0 49 C5 8F 6A F4 6E F7 51 DA 73 99 92 40 39 6E 31 09 43 BC 29 06 20 2D BB 5E CE E2 4F 7C F7 84 87 70 B7 FF 33 B6 07 89 CB D3 68 84 2B 02 12 45 58 43 E9 66 25 76 FE 28 2D 2F 8B 7E BB 0C 4E 58 7B 78 B5 70 DB 45 F3 02 8E 58 07 34 5C BF AA EE 11 38 5A 52 70 B1 6C 64 BD B0 42 A0 9B 44 68 BB 8F 74 52 A1 62 21 8F 13 D0 A5 89 81 FD E3 65 A2 BA 62 39 0E 16 19 47 6B 9F 0B 13 F4 12 F7 86 D5 3E 9F 3D 73 5D 35 4B AE 95 DD 55 F8 58 66 DC 62 D0 E6 CF E0 AD 66 7D C5 

State after permutation:
CB AC B2 2F FD B6 4F F4 64 99 40 D4 5F 62 83 A8 E7 1E 9E 95 09 DC 38 FA 28 A6 D7 79 88 AD 8F B3 B5 69 15 A2 B9 9C 40 D1 7C 7E 5C 65 15 75 F2 13 54 50 EE 63 AA E5 DD D2 84 49 78 A7 90 6C 43 B9 DE 32 43 24 E0 6B 90 B3 F8 CF 6C 7D AA AF 55 30 5E 54 92 AB 93 79 AE C1 DA 53 6C 59 D8 9C D3 6B 38 D8 C1 48 FD 10 38 ED 88 3C 84 59 3C 9E 56 B4 1F 02 40 B0 68 1C BC 34 09 49 E7 05 93 02 09 AA 9F 9F E7 C6 26 22 A0 42 CE B6 52 CC FC 78 DD D7 7E 0E 7B E5 CA C4 23 7A 9A DD C3 28 2B FB 24 52 FB 22 C5 17 3E 44 1E 0C 97 99 CE 24 A8 AF 15 53 A6 8B 03 E2 5B F5 D0 DF 99 7A DD 79 1D CF 61 82 87 F1 DE 4F 15 54 1B 70 

